SampleID	RbohA	SnRK2	ACO2	HSP70	PR1b	RD29B	13-LOX	P5CS	ERF1	CAT1	CO	SWEET	SP6A	M0ZJG3
C_S1_1	1.346213	1.497998	0.150379	1.013451	0.324007	0.016995	0.699873	3.647878	0.560424	0.63992	2.421594	0.816298	0.122374	1.211115
C_S1_2	1.496014	1.627412	0.196017	1.06723	0.154344	0.046504	0.660413	3.264675	0.637808	0.635107	5.56309	1.873813	0.238811	1.376397
C_S1_3	1.262812	1.630533	0.440406	0.883357	0.269488	0.016995	0.765764	2.151917	0.585558	0.687279	2.740914	0.930861	0.330151	1.007479
C_S1_4	1.428252	1.530426	0.176572	1.042068	0.255647	0.082387	0.734167	3.155558	0.663618	0.70488	2.469193	0.9339	0.122374	0.903495
C_S7_1	1.40415	1.1226	0.537281	1.02817	0.226714	1.751881	1.136201	0.862709	1.63481	0.811006	1.709219	1.494808	3.386457	2.357865
C_S7_2	0.848707	0.725752	0.150857	0.640827	0.192341	0.113202	0.540666	0.908966	1.239857	0.373886	1.580358	0.853875	0.810631	1.38719
C_S7_3	1.021559	1.044562	0.348493	1.011562	0.178459	0.856186	1.075776	0.879619	1.427616	0.539875	1.442124	1.195321	1.630658	1.938683
C_S7_4	0.822	1.05477	0.36433	0.772481	0.160968	0.566574	0.479152	1.113716	0.960718	0.403452	1.956616	1.026665	0.539639	1.618597
C_S8_1	1.979123	1.695989	0.589359	1.579468	0.465054	0.120308	1.322072	1.66609	3.688908	0.750294	2.056935	0.854362	2.233024	0.875105
C_S8_2	0.942956	1.065359	0.265404	0.937834	0.525716	0.016995	0.861419	1.334044	2.316204	0.946807	1.100756	0.845393	1.421691	0.703304
C_S8_3	0.855271	1.273173	0.452504	0.915227	0.589202	0.290391	0.91027	0.936533	1.633618	0.815843	0.866483	0.913198	1.450637	0.574659
C_S8_4	0.881788	1.164139	0.534851	0.890041	1.000807	0.2602	0.977286	0.815679	1.976576	0.907524	0.970438	0.854995	1.364041	0.496412
C_S14_1	1.493763	1.044993	0.456587	1.072225	0.392945	0.610736	1.078906	0.784528	1.881348	0.620026	1.058404	1.659909	2.47854	0.902311
C_S14_2	2.56889	1.370402	0.385496	1.783345	1.959938	0.118336	1.380948	1.317991	1.612891	2.143415	1.440215	1.645851	2.663597	0.762447
C_S14_3	0.897311	0.956213	0.201915	0.831674	1.045437	0.076549	0.833581	0.837882	0.706851	1.208277	0.733546	1.119711	1.239345	0.657719
C_S14_4	0.988458	0.778464	0.398476	1.04052	1.18629	0.167323	0.800942	0.821481	0.873971	0.931066	0.682043	1.11688	1.382481	0.752939
D_S8_1	1.008124	2.856169	0.687871	1.255207	0.585963	0.097795	1.149256	1.413397	2.561984	1.653597	1.504281	0.95337	0.974906	0.886283
D_S8_2	2.008097	2.170607	0.478328	1.828714	0.661425	0.79031	1.993234	1.990101	2.270088	1.21409	1.350214	1.220704	2.380804	0.881908
D_S8_3	2.271579	2.798963	0.586617	1.693154	1.084347	0.016995	1.326257	2.210958	2.544502	2.114863	2.140496	1.389603	1.828036	1.931321
D_S8_4	0.908554	1.553844	0.17397	1.275485	0.374819	1.56543	1.483972	2.285222	1.061221	1.316171	0.734111	1.260936	0.584855	0.686975
D_S14_1	0.005142	7.040937	0.80423	11.27968	2.599859	0.893454	3.976671	5.546387	3.128752	6.647515	4.573252	6.865299	2.394559	3.165817
D_S14_2	10.863393	14.356004	1.560835	14.246616	7.787145	1.249352	7.786449	10.090692	6.305034	10.196897	7.771715	11.378268	6.383404	6.168493
D_S14_3	7.842214	9.409578	1.864725	14.628232	5.52996	1.83198	5.380062	7.801639	3.346122	6.067676	4.300603	7.251451	4.454327	4.09835
D_S14_4	3.694651	4.874657	0.550218	3.588989	3.62	1.125881	2.274568	2.925338	1.713544	3.066982	2.018493	3.187034	2.327923	1.664252
H_S1_1	0.686959	1.811023	0.108635	0.798351	0.235554	0.016995	0.790901	1.959365	0.688693	0.949446	2.189481	1.300996	0.122374	0.975862
H_S1_2	0.517133	1.578117	0.131414	0.773978	0.181843	0.016995	0.611902	1.586431	0.502605	0.813587	1.879173	1.073373	0.122374	0.717651
H_S1_3	0.876916	2.113793	0.129081	1.126856	0.135289	0.016995	0.77066	2.249248	0.56276	0.698573	2.548092	1.390776	0.122374	0.084783
H_S1_4	0.686119	1.75747	0.159133	0.856156	0.140568	0.021963	0.742594	1.534765	0.793251	0.631592	1.791297	1.068306	0.151936	1.092224
H_S7_1	0.319851	0.773287	0.058413	0.672349	0.048469	0.113202	0.427707	0.995153	0.516869	0.221782	0.911316	0.449297	0.065921	1.093077
H_S7_2	0.362278	1.03736	0.18188	0.647209	0.05579	0.113202	0.335002	0.71216	0.601241	0.230538	1.242128	0.305043	0.065921	0.683885
H_S7_3	0.481595	1.275552	0.173396	0.923743	0.123763	0.113202	0.765576	0.63284	0.726392	0.436485	1.357757	0.908376	0.065921	1.070507
H_S7_4	0.818317	1.158791	0.172415	1.381891	0.12108	0.113202	1.12686	0.653078	0.660082	0.598197	1.45515	1.2372	0.215172	1.489421
H_S8_1	1.505383	5.57021	0.565071	2.889712	0.302618	0.016995	0.849443	3.086178	0.897885	1.561501	3.005347	1.934906	0.122374	1.138443
H_S8_2	3.939416	7.738897	1.163692	5.476471	0.892973	0.092675	2.49463	4.527121	4.032933	2.767738	4.619065	3.57492	0.674695	3.279629
H_S8_3	2.594689	5.692692	1.384644	4.318421	1.118047	0.016995	1.886003	2.611347	2.250836	2.292635	3.000973	2.410961	0.122374	2.010569
H_S8_4	1.609888	6.246643	1.056035	3.763387	0.826863	0.054737	0.971701	2.954477	1.185709	1.344186	2.911122	1.945126	0.122374	1.716785
H_S14_1	14.291613	12.482363	0.841603	13.00519	2.042132	0.43411	15.261341	9.965216	6.393415	8.500634	13.223182	10.434098	3.394217	9.646572
H_S14_2	8.798737	13.564077	0.549086	10.490745	2.852578	0.586004	16.259359	7.230284	2.947841	7.967719	10.513287	8.543697	4.858636	8.796747
H_S14_3	6.944034	10.751219	1.130804	10.712587	2.155943	0.529932	7.224103	7.96356	3.059629	5.548554	8.316622	7.455099	1.59978	7.932524
H_S14_4	0.005142	28.390324	2.380463	26.491656	5.293996	0.413296	17.637272	19.203254	10.135442	15.194917	24.257926	21.168033	4.456079	18.263636
HD_S8_1	0.385455	1.04256	0.155515	0.85408	0.35998	0.331056	0.950347	1.667383	0.286249	0.593491	1.012269	1.090854	0.122374	0.803371
HD_S8_2	0.619461	1.768133	0.330194	0.972109	0.585566	0.050698	0.789474	1.649795	0.336386	0.752547	1.108416	0.924365	0.122374	0.458473
HD_S8_3	0.424084	2.070034	0.414039	1.071182	0.540525	0.016995	0.49398	1.387288	0.291401	0.727124	1.181023	0.826527	0.122374	0.582901
HD_S8_4	0.382993	0.937347	0.085984	0.81456	0.209608	0.090197	0.871887	1.70107	0.37177	0.571276	0.962593	0.993632	0.122374	0.739303
HD_S14_1	1.807297	2.591535	0.345545	3.347836	0.852161	0.167264	2.06332	3.069224	0.707647	1.423215	2.140139	1.593822	0.28703	1.365897
HD_S14_2	0.736096	1.469596	0.073208	1.5822	0.281803	0.016995	0.91239	1.83486	0.58843	0.93922	0.912733	0.766291	0.122374	1.177677
HD_S14_3	1.007927	1.599314	0.217966	0.950275	0.279699	0.112814	1.519292	1.674154	0.469424	0.746455	1.211682	1.278528	0.625666	1.089476
HD_S14_4	1.523178	2.585501	0.183319	2.398967	0.249796	0.362805	3.26568	2.222605	0.921837	0.644832	3.720197	2.692581	0.122374	2.809412
W_S1_1	2.566041	1.575891	1.730799	1.130058	0.718135	1.077106	1.082406	1.600353	0.880003	0.702611	0.940854	1.046396	0.384989	0.47495
W_S1_2	2.189422	2.009226	0.351545	1.105836	0.264032	0.530417	1.01581	1.75872	0.715485	0.863237	1.563157	1.253551	1.369724	0.791969
W_S1_3	3.010825	1.979643	0.75715	1.36395	0.305254	0.854844	1.372157	1.558573	0.996427	0.888268	2.234266	1.280898	1.134257	0.937718
W_S1_4	2.480633	1.420809	0.902685	0.751848	0.274072	1.747237	1.099149	1.368468	0.654079	0.617122	1.044072	1.098885	0.914354	0.533067
W_S7_1	2.250028	1.123094	0.179778	1.283349	1.002599	259.09166	1.707519	6.399223	0.548732	0.49291	1.26614	1.372257	0.065921	2.310085
W_S7_2	2.161418	1.231573667	0.085779	1.733871	2.274068	197.519947	1.715912	5.573779	0.290929	0.504111	1.269651	1.0879	0.065921	1.927012
W_S7_3	2.188009	1.33196	0.553547	1.424454	0.129341	231.494143	1.42967	7.200587	0.204533	0.498197	0.588383	0.862207	0.206594	1.325137
W_S7_4	2.046217	1.239667	1.126435	1.199658	0.269282	14.451866	1.121604	1.939658	0.655548	0.521226	0.652566	0.911145	0.065921	0.687755
