threshold	vertex-count	edge-count	connected-component-count	density	density-orig-V	largest-cc-size	2nd-largest-cc-size	clustering-coefficient	random-clustering-coefficient	2nd-eigenvalue	almost-disconnected-component-count	maximal-clique-count	clique-number	poisson-chi2	poisson-pvalue	goe-chi2	goe-pvalue	scale-free-KS	scale-free-KS-p-value	scale-free-alpha
0	87	2845	1	0.760492	0.760492	87	0	0.707008	0.761397	nan	-1	-1	-1	nan	nan	nan	nan	nan	nan	nan
0.001	87	2834	1	0.757551	0.757551	87	0	0.70405	0.758447	nan	-1	-1	-1	nan	nan	nan	nan	nan	nan	nan
0.002	87	2827	1	0.75568	0.75568	87	0	0.702868	0.756927	nan	-1	-1	-1	nan	nan	nan	nan	nan	nan	nan
0.003	87	2820	1	0.753809	0.753809	87	0	0.701282	0.755214	nan	-1	-1	-1	nan	nan	nan	nan	nan	nan	nan
0.004	87	2817	1	0.753007	0.753007	87	0	0.700563	0.754446	nan	-1	-1	-1	nan	nan	nan	nan	nan	nan	nan
0.005	87	2812	1	0.751671	0.751671	87	0	0.699735	0.753263	nan	-1	-1	-1	nan	nan	nan	nan	nan	nan	nan
0.006	87	2805	1	0.7498	0.7498	87	0	0.698266	0.751658	nan	-1	-1	-1	nan	nan	nan	nan	nan	nan	nan
0.007	87	2801	1	0.74873	0.74873	87	0	0.69702	0.75034	nan	-1	-1	-1	nan	nan	nan	nan	nan	nan	nan
0.008	87	2793	1	0.746592	0.746592	87	0	0.695377	0.748678	nan	-1	-1	-1	nan	nan	nan	nan	nan	nan	nan
0.009	87	2788	1	0.745255	0.745255	87	0	0.694161	0.747342	nan	-1	-1	-1	nan	nan	nan	nan	nan	nan	nan
0.01	87	2781	1	0.743384	0.743384	87	0	0.692134	0.745288	nan	-1	-1	-1	nan	nan	nan	nan	nan	nan	nan
0.011	87	2770	1	0.740444	0.740444	87	0	0.689596	0.742418	nan	-1	-1	-1	nan	nan	nan	nan	nan	nan	nan
0.012	87	2764	1	0.73884	0.73884	87	0	0.687734	0.7405	nan	-1	-1	-1	nan	nan	nan	nan	nan	nan	nan
0.013	87	2752	1	0.735632	0.735632	87	0	0.685077	0.737548	nan	-1	-1	-1	nan	nan	nan	nan	nan	nan	nan
0.014	87	2747	1	0.734296	0.734296	87	0	0.683833	0.736222	nan	-1	-1	-1	nan	nan	nan	nan	nan	nan	nan
0.015	87	2745	1	0.733761	0.733761	87	0	0.683344	0.735701	nan	-1	-1	-1	nan	nan	nan	nan	nan	nan	nan
0.016	87	2737	1	0.731623	0.731623	87	0	0.681137	0.73333	nan	-1	-1	-1	nan	nan	nan	nan	nan	nan	nan
0.017	87	2734	1	0.730821	0.730821	87	0	0.680497	0.73268	nan	-1	-1	-1	nan	nan	nan	nan	nan	nan	nan
0.018	87	2730	1	0.729751	0.729751	87	0	0.679423	0.731464	nan	-1	-1	-1	nan	nan	nan	nan	nan	nan	nan
0.019	87	2725	1	0.728415	0.728415	87	0	0.678273	0.730161	nan	-1	-1	-1	nan	nan	nan	nan	nan	nan	nan
0.02	87	2723	1	0.72788	0.72788	87	0	0.677851	0.729607	nan	-1	-1	-1	nan	nan	nan	nan	nan	nan	nan
0.021	87	2719	1	0.726811	0.726811	87	0	0.676563	0.728338	nan	-1	-1	-1	nan	nan	nan	nan	nan	nan	nan
0.022	87	2716	1	0.726009	0.726009	87	0	0.67626	0.727954	nan	-1	-1	-1	nan	nan	nan	nan	nan	nan	nan
0.023	87	2714	1	0.725474	0.725474	87	0	0.675771	0.727432	nan	-1	-1	-1	nan	nan	nan	nan	nan	nan	nan
0.024	87	2710	1	0.724405	0.724405	87	0	0.674654	0.726239	nan	-1	-1	-1	nan	nan	nan	nan	nan	nan	nan
0.025	87	2709	1	0.724138	0.724138	87	0	0.67453	0.726046	nan	-1	-1	-1	nan	nan	nan	nan	nan	nan	nan
0.026	87	2706	1	0.723336	0.723336	87	0	0.673915	0.725417	nan	-1	-1	-1	nan	nan	nan	nan	nan	nan	nan
0.027	87	2704	1	0.722801	0.722801	87	0	0.673608	0.725071	nan	-1	-1	-1	nan	nan	nan	nan	nan	nan	nan
0.028	87	2700	1	0.721732	0.721732	87	0	0.672888	0.724248	nan	-1	-1	-1	nan	nan	nan	nan	nan	nan	nan
0.029	87	2696	1	0.720663	0.720663	87	0	0.671864	0.723212	nan	-1	-1	-1	nan	nan	nan	nan	nan	nan	nan
0.03	87	2693	1	0.719861	0.719861	87	0	0.671476	0.722531	nan	-1	-1	-1	nan	nan	nan	nan	nan	nan	nan
0.031	87	2690	1	0.719059	0.719059	87	0	0.670557	0.721622	nan	-1	-1	-1	nan	nan	nan	nan	nan	nan	nan
0.032	87	2685	1	0.717723	0.717723	87	0	0.669126	0.720088	nan	-1	-1	-1	nan	nan	nan	nan	nan	nan	nan
0.033	87	2683	1	0.717188	0.717188	87	0	0.668189	0.719201	nan	-1	-1	-1	nan	nan	nan	nan	nan	nan	nan
0.034	87	2672	1	0.714248	0.714248	87	0	0.66579	0.716765	nan	-1	-1	-1	nan	nan	nan	nan	nan	nan	nan
0.035	87	2667	1	0.712911	0.712911	87	0	0.664859	0.715798	nan	-1	-1	-1	nan	nan	nan	nan	nan	nan	nan
0.036	87	2661	1	0.711307	0.711307	87	0	0.663347	0.714099	nan	-1	-1	-1	nan	nan	nan	nan	nan	nan	nan
0.037	87	2652	1	0.708901	0.708901	87	0	0.661659	0.711751	nan	-1	-1	-1	nan	nan	nan	nan	nan	nan	nan
0.038	87	2648	1	0.707832	0.707832	87	0	0.660548	0.710645	nan	-1	-1	-1	nan	nan	nan	nan	nan	nan	nan
0.039	87	2642	1	0.706228	0.706228	87	0	0.658685	0.70875	nan	-1	-1	-1	nan	nan	nan	nan	nan	nan	nan
0.04	87	2635	1	0.704357	0.704357	87	0	0.656939	0.707019	nan	-1	-1	-1	nan	nan	nan	nan	nan	nan	nan
0.041	87	2633	1	0.703823	0.703823	87	0	0.65643	0.706526	nan	-1	-1	-1	nan	nan	nan	nan	nan	nan	nan
0.042	87	2630	1	0.703021	0.703021	87	0	0.655794	0.705834	nan	-1	-1	-1	nan	nan	nan	nan	nan	nan	nan
0.043	87	2622	1	0.700882	0.700882	87	0	0.653978	0.703984	nan	-1	-1	-1	nan	nan	nan	nan	nan	nan	nan
0.044	87	2619	1	0.70008	0.70008	87	0	0.653408	0.703396	nan	-1	-1	-1	nan	nan	nan	nan	nan	nan	nan
0.045	87	2614	1	0.698744	0.698744	87	0	0.652398	0.702372	nan	-1	-1	-1	nan	nan	nan	nan	nan	nan	nan
0.046	87	2612	1	0.698209	0.698209	87	0	0.651874	0.701812	nan	-1	-1	-1	nan	nan	nan	nan	nan	nan	nan
0.047	87	2606	1	0.696605	0.696605	87	0	0.650784	0.700189	nan	-1	-1	-1	nan	nan	nan	nan	nan	nan	nan
0.048	87	2600	1	0.695001	0.695001	87	0	0.64942	0.698602	nan	-1	-1	-1	nan	nan	nan	nan	nan	nan	nan
0.049	87	2595	1	0.693665	0.693665	87	0	0.648169	0.697153	nan	-1	-1	-1	nan	nan	nan	nan	nan	nan	nan
0.05	87	2592	1	0.692863	0.692863	87	0	0.647817	0.696732	nan	-1	-1	-1	nan	nan	nan	nan	nan	nan	nan
0.051	87	2582	1	0.69019	0.69019	87	0	0.645975	0.69448	nan	-1	-1	-1	nan	nan	nan	nan	nan	nan	nan
0.052	87	2578	1	0.689121	0.689121	87	0	0.644819	0.693261	nan	-1	-1	-1	nan	nan	nan	nan	nan	nan	nan
0.053	87	2574	1	0.688051	0.688051	87	0	0.643998	0.692278	nan	-1	-1	-1	nan	nan	nan	nan	nan	nan	nan
0.054	87	2569	1	0.686715	0.686715	87	0	0.642396	0.690806	nan	-1	-1	-1	nan	nan	nan	nan	nan	nan	nan
0.055	87	2565	1	0.685646	0.685646	87	0	0.642055	0.690138	nan	-1	-1	-1	nan	nan	nan	nan	nan	nan	nan
0.056	87	2561	1	0.684576	0.684576	87	0	0.641049	0.689188	nan	-1	-1	-1	nan	nan	nan	nan	nan	nan	nan
0.057	87	2552	1	0.682171	0.682171	87	0	0.639304	0.687206	nan	-1	-1	-1	nan	nan	nan	nan	nan	nan	nan
0.058	87	2548	1	0.681101	0.681101	87	0	0.638315	0.686235	nan	-1	-1	-1	nan	nan	nan	nan	nan	nan	nan
0.059	87	2545	1	0.680299	0.680299	87	0	0.637447	0.685423	nan	-1	-1	-1	nan	nan	nan	nan	nan	nan	nan
0.06	87	2538	1	0.678428	0.678428	87	0	0.635346	0.683292	nan	-1	-1	-1	nan	nan	nan	nan	nan	nan	nan
0.061	87	2532	1	0.676824	0.676824	87	0	0.633947	0.681798	nan	-1	-1	-1	nan	nan	nan	nan	nan	nan	nan
0.062	87	2528	1	0.675755	0.675755	87	0	0.63309	0.680798	nan	-1	-1	-1	nan	nan	nan	nan	nan	nan	nan
0.063	87	2523	1	0.674419	0.674419	87	0	0.631816	0.679517	nan	-1	-1	-1	nan	nan	nan	nan	nan	nan	nan
0.064	87	2516	1	0.672547	0.672547	87	0	0.630247	0.677851	nan	-1	-1	-1	nan	nan	nan	nan	nan	nan	nan
0.065	87	2514	1	0.672013	0.672013	87	0	0.629653	0.677299	nan	-1	-1	-1	nan	nan	nan	nan	nan	nan	nan
0.066	87	2510	1	0.670944	0.670944	87	0	0.628827	0.676302	nan	-1	-1	-1	nan	nan	nan	nan	nan	nan	nan
0.067	87	2505	1	0.669607	0.669607	87	0	0.627858	0.675324	nan	-1	-1	-1	nan	nan	nan	nan	nan	nan	nan
0.068	87	2494	1	0.666667	0.666667	87	0	0.624734	0.672257	nan	-1	-1	-1	nan	nan	nan	nan	nan	nan	nan
0.069	87	2489	1	0.66533	0.66533	87	0	0.623285	0.670937	nan	-1	-1	-1	nan	nan	nan	nan	nan	nan	nan
0.07	87	2484	1	0.663994	0.663994	87	0	0.621722	0.668835	nan	-1	-1	-1	nan	nan	nan	nan	nan	nan	nan
0.071	87	2481	1	0.663192	0.663192	87	0	0.621124	0.667953	nan	-1	-1	-1	nan	nan	nan	nan	nan	nan	nan
0.072	87	2476	1	0.661855	0.661855	87	0	0.619876	0.666394	nan	-1	-1	-1	nan	nan	nan	nan	nan	nan	nan
0.073	87	2469	1	0.659984	0.659984	87	0	0.618508	0.664431	nan	-1	-1	-1	nan	nan	nan	nan	nan	nan	nan
0.074	87	2464	1	0.658647	0.658647	87	0	0.617601	0.663332	nan	-1	-1	-1	nan	nan	nan	nan	nan	nan	nan
0.075	87	2463	1	0.65838	0.65838	87	0	0.617366	0.66308	nan	-1	-1	-1	nan	nan	nan	nan	nan	nan	nan
0.076	87	2459	1	0.657311	0.657311	87	0	0.616774	0.662472	nan	-1	-1	-1	nan	nan	nan	nan	nan	nan	nan
0.077	87	2455	1	0.656242	0.656242	87	0	0.615458	0.661324	nan	-1	-1	-1	nan	nan	nan	nan	nan	nan	nan
0.078	87	2452	1	0.65544	0.65544	87	0	0.615018	0.660694	nan	-1	-1	-1	nan	nan	nan	nan	nan	nan	nan
0.079	87	2448	1	0.65437	0.65437	87	0	0.614646	0.660249	nan	-1	-1	-1	nan	nan	nan	nan	nan	nan	nan
0.08	87	2443	1	0.653034	0.653034	87	0	0.613186	0.658831	nan	-1	-1	-1	nan	nan	nan	nan	nan	nan	nan
0.081	87	2440	1	0.652232	0.652232	87	0	0.612461	0.658066	nan	-1	-1	-1	nan	nan	nan	nan	nan	nan	nan
0.082	87	2437	1	0.65143	0.65143	87	0	0.612036	0.657666	nan	-1	-1	-1	nan	nan	nan	nan	nan	nan	nan
0.083	87	2433	1	0.650361	0.650361	87	0	0.610982	0.656758	nan	-1	-1	-1	nan	nan	nan	nan	nan	nan	nan
0.084	87	2427	1	0.648757	0.648757	87	0	0.610396	0.656108	nan	-1	-1	-1	nan	nan	nan	nan	nan	nan	nan
0.085	87	2421	1	0.647153	0.647153	87	0	0.608549	0.65443	nan	-1	-1	-1	nan	nan	nan	nan	nan	nan	nan
0.086	87	2419	1	0.646619	0.646619	87	0	0.607984	0.653939	nan	-1	-1	-1	nan	nan	nan	nan	nan	nan	nan
0.087	87	2416	1	0.645817	0.645817	87	0	0.607478	0.653567	nan	-1	-1	-1	nan	nan	nan	nan	nan	nan	nan
0.088	87	2408	1	0.643678	0.643678	87	0	0.605947	0.651763	nan	-1	-1	-1	nan	nan	nan	nan	nan	nan	nan
0.089	87	2405	1	0.642876	0.642876	87	0	0.605037	0.650891	nan	-1	-1	-1	nan	nan	nan	nan	nan	nan	nan
0.09	87	2400	1	0.64154	0.64154	87	0	0.603304	0.649406	nan	-1	-1	-1	nan	nan	nan	nan	nan	nan	nan
0.091	87	2397	1	0.640738	0.640738	87	0	0.602601	0.648547	nan	-1	-1	-1	nan	nan	nan	nan	nan	nan	nan
0.092	87	2393	1	0.639669	0.639669	87	0	0.601689	0.64748	nan	-1	-1	-1	nan	nan	nan	nan	nan	nan	nan
0.093	87	2391	1	0.639134	0.639134	87	0	0.601257	0.647091	nan	-1	-1	-1	nan	nan	nan	nan	nan	nan	nan
0.094	87	2386	1	0.637797	0.637797	87	0	0.600508	0.64603	nan	-1	-1	-1	nan	nan	nan	nan	nan	nan	nan
0.095	87	2380	1	0.636194	0.636194	87	0	0.598868	0.644275	nan	-1	-1	-1	nan	nan	nan	nan	nan	nan	nan
0.096	87	2375	1	0.634857	0.634857	87	0	0.597902	0.642878	nan	-1	-1	-1	nan	nan	nan	nan	nan	nan	nan
0.097	87	2372	1	0.634055	0.634055	87	0	0.597479	0.642345	nan	-1	-1	-1	nan	nan	nan	nan	nan	nan	nan
0.098	87	2371	1	0.633788	0.633788	87	0	0.596934	0.64182	nan	-1	-1	-1	nan	nan	nan	nan	nan	nan	nan
0.099	87	2366	1	0.632451	0.632451	87	0	0.595777	0.64053	nan	-1	-1	-1	nan	nan	nan	nan	nan	nan	nan
0.1	87	2362	1	0.631382	0.631382	87	0	0.594632	0.639251	nan	-1	-1	-1	nan	nan	nan	nan	nan	nan	nan
0.101	87	2357	1	0.630045	0.630045	87	0	0.593569	0.638145	nan	-1	-1	-1	nan	nan	nan	nan	nan	nan	nan
0.102	87	2350	1	0.628174	0.628174	87	0	0.591593	0.636315	nan	-1	-1	-1	nan	nan	nan	nan	nan	nan	nan
0.103	87	2340	1	0.625501	0.625501	87	0	0.589389	0.633938	nan	-1	-1	-1	nan	nan	nan	nan	nan	nan	nan
0.104	87	2336	1	0.624432	0.624432	87	0	0.588475	0.632927	nan	-1	-1	-1	nan	nan	nan	nan	nan	nan	nan
0.105	87	2333	1	0.62363	0.62363	87	0	0.587782	0.632299	nan	-1	-1	-1	nan	nan	nan	nan	nan	nan	nan
0.106	87	2326	1	0.621759	0.621759	87	0	0.585955	0.630509	nan	-1	-1	-1	nan	nan	nan	nan	nan	nan	nan
0.107	87	2323	1	0.620957	0.620957	87	0	0.585448	0.629893	nan	-1	-1	-1	nan	nan	nan	nan	nan	nan	nan
0.108	87	2319	1	0.619888	0.619888	87	0	0.584188	0.62868	nan	-1	-1	-1	nan	nan	nan	nan	nan	nan	nan
0.109	87	2317	1	0.619353	0.619353	87	0	0.583597	0.627982	nan	-1	-1	-1	nan	nan	nan	nan	nan	nan	nan
0.11	87	2309	1	0.617215	0.617215	87	0	0.581186	0.625545	nan	-1	-1	-1	nan	nan	nan	nan	nan	nan	nan
0.111	87	2305	1	0.616145	0.616145	87	0	0.580669	0.62494	nan	-1	-1	-1	nan	nan	nan	nan	nan	nan	nan
0.112	87	2301	1	0.615076	0.615076	87	0	0.579803	0.623895	nan	-1	-1	-1	nan	nan	nan	nan	nan	nan	nan
0.113	87	2297	1	0.614007	0.614007	87	0	0.579028	0.623014	nan	-1	-1	-1	nan	nan	nan	nan	nan	nan	nan
0.114	87	2294	1	0.613205	0.613205	87	0	0.578026	0.622231	nan	-1	-1	-1	nan	nan	nan	nan	nan	nan	nan
0.115	87	2292	1	0.61267	0.61267	87	0	0.57775	0.621933	nan	-1	-1	-1	nan	nan	nan	nan	nan	nan	nan
0.116	87	2283	1	0.610265	0.610265	87	0	0.574479	0.618776	nan	-1	-1	-1	nan	nan	nan	nan	nan	nan	nan
0.117	87	2279	1	0.609195	0.609195	87	0	0.573731	0.617972	nan	-1	-1	-1	nan	nan	nan	nan	nan	nan	nan
0.118	87	2274	1	0.607859	0.607859	87	0	0.572212	0.616596	nan	-1	-1	-1	nan	nan	nan	nan	nan	nan	nan
0.119	87	2271	1	0.607057	0.607057	87	0	0.571505	0.615957	nan	-1	-1	-1	nan	nan	nan	nan	nan	nan	nan
0.121	87	2270	1	0.60679	0.60679	87	0	0.571368	0.615794	nan	-1	-1	-1	nan	nan	nan	nan	nan	nan	nan
0.122	87	2266	1	0.60572	0.60572	87	0	0.570992	0.614682	nan	-1	-1	-1	nan	nan	nan	nan	nan	nan	nan
0.123	87	2265	1	0.605453	0.605453	87	0	0.570802	0.614508	nan	-1	-1	-1	nan	nan	nan	nan	nan	nan	nan
0.124	87	2260	1	0.604117	0.604117	87	0	0.569631	0.612854	nan	-1	-1	-1	nan	nan	nan	nan	nan	nan	nan
0.125	87	2256	1	0.603047	0.603047	87	0	0.568235	0.611525	nan	-1	-1	-1	nan	nan	nan	nan	nan	nan	nan
0.126	87	2253	1	0.602245	0.602245	87	0	0.567487	0.610939	nan	-1	-1	-1	nan	nan	nan	nan	nan	nan	nan
0.127	87	2249	1	0.601176	0.601176	87	0	0.566937	0.610034	nan	-1	-1	-1	nan	nan	nan	nan	nan	nan	nan
0.128	87	2243	1	0.599572	0.599572	87	0	0.565444	0.608529	nan	-1	-1	-1	nan	nan	nan	nan	nan	nan	nan
0.129	87	2237	1	0.597968	0.597968	87	0	0.564342	0.607312	nan	-1	-1	-1	nan	nan	nan	nan	nan	nan	nan
0.13	87	2231	1	0.596365	0.596365	87	0	0.563395	0.606524	nan	-1	-1	-1	nan	nan	nan	nan	nan	nan	nan
0.131	87	2227	1	0.595295	0.595295	87	0	0.562477	0.605688	nan	-1	-1	-1	nan	nan	nan	nan	nan	nan	nan
0.132	87	2222	1	0.593959	0.593959	87	0	0.561482	0.604626	nan	-1	-1	-1	nan	nan	nan	nan	nan	nan	nan
0.133	87	2214	1	0.59182	0.59182	87	0	0.5597	0.602608	nan	-1	-1	-1	nan	nan	nan	nan	nan	nan	nan
0.134	87	2210	1	0.590751	0.590751	87	0	0.559021	0.601899	nan	-1	-1	-1	nan	nan	nan	nan	nan	nan	nan
0.135	87	2204	1	0.589147	0.589147	87	0	0.557058	0.600053	nan	-1	-1	-1	nan	nan	nan	nan	nan	nan	nan
0.136	87	2196	1	0.587009	0.587009	87	0	0.555625	0.598638	nan	-1	-1	-1	nan	nan	nan	nan	nan	nan	nan
0.137	87	2192	1	0.58594	0.58594	87	0	0.554191	0.597458	nan	-1	-1	-1	nan	nan	nan	nan	nan	nan	nan
0.139	87	2186	1	0.584336	0.584336	87	0	0.552828	0.595666	nan	-1	-1	-1	nan	nan	nan	nan	nan	nan	nan
0.14	87	2183	1	0.583534	0.583534	87	0	0.551924	0.594714	nan	-1	-1	-1	nan	nan	nan	nan	nan	nan	nan
0.141	87	2178	1	0.582197	0.582197	87	0	0.550754	0.593413	nan	-1	-1	-1	nan	nan	nan	nan	nan	nan	nan
0.142	87	2175	1	0.581395	0.581395	87	0	0.549695	0.592481	nan	-1	-1	-1	nan	nan	nan	nan	nan	nan	nan
0.143	87	2171	1	0.580326	0.580326	87	0	0.549193	0.591839	nan	-1	-1	-1	nan	nan	nan	nan	nan	nan	nan
0.144	87	2170	1	0.580059	0.580059	87	0	0.549117	0.591608	nan	-1	-1	-1	nan	nan	nan	nan	nan	nan	nan
0.145	87	2166	1	0.57899	0.57899	87	0	0.548074	0.59066	nan	-1	-1	-1	nan	nan	nan	nan	nan	nan	nan
0.146	87	2159	1	0.577118	0.577118	87	0	0.54575	0.588444	nan	-1	-1	-1	nan	nan	nan	nan	nan	nan	nan
0.147	87	2156	1	0.576316	0.576316	87	0	0.5449	0.587452	nan	-1	-1	-1	nan	nan	nan	nan	nan	nan	nan
0.148	87	2151	1	0.57498	0.57498	87	0	0.543495	0.586197	nan	-1	-1	-1	nan	nan	nan	nan	nan	nan	nan
0.149	87	2143	1	0.572841	0.572841	87	0	0.541599	0.584262	nan	-1	-1	-1	nan	nan	nan	nan	nan	nan	nan
0.15	87	2138	1	0.571505	0.571505	87	0	0.540625	0.583258	nan	-1	-1	-1	nan	nan	nan	nan	nan	nan	nan
0.151	87	2134	1	0.570436	0.570436	87	0	0.539831	0.58254	nan	-1	-1	-1	nan	nan	nan	nan	nan	nan	nan
0.152	87	2133	1	0.570168	0.570168	87	0	0.539951	0.582593	nan	-1	-1	-1	nan	nan	nan	nan	nan	nan	nan
0.153	87	2129	1	0.569099	0.569099	87	0	0.538704	0.581319	nan	-1	-1	-1	nan	nan	nan	nan	nan	nan	nan
0.154	87	2125	1	0.56803	0.56803	87	0	0.53711	0.579974	nan	-1	-1	-1	nan	nan	nan	nan	nan	nan	nan
0.155	87	2123	1	0.567495	0.567495	87	0	0.536581	0.579321	nan	-1	-1	-1	nan	nan	nan	nan	nan	nan	nan
0.156	87	2119	1	0.566426	0.566426	87	0	0.535738	0.578574	nan	-1	-1	-1	nan	nan	nan	nan	nan	nan	nan
0.157	87	2116	1	0.565624	0.565624	87	0	0.534826	0.577717	nan	-1	-1	-1	nan	nan	nan	nan	nan	nan	nan
0.158	87	2114	1	0.56509	0.56509	87	0	0.5345	0.577361	nan	-1	-1	-1	nan	nan	nan	nan	nan	nan	nan
0.159	87	2109	1	0.563753	0.563753	87	0	0.532716	0.575421	nan	-1	-1	-1	nan	nan	nan	nan	nan	nan	nan
0.16	87	2101	1	0.561615	0.561615	87	0	0.530758	0.573306	nan	-1	-1	-1	nan	nan	nan	nan	nan	nan	nan
0.161	87	2098	1	0.560813	0.560813	87	0	0.529858	0.572157	nan	-1	-1	-1	nan	nan	nan	nan	nan	nan	nan
0.162	87	2091	1	0.558941	0.558941	87	0	0.528507	0.57086	nan	-1	-1	-1	nan	nan	nan	nan	nan	nan	nan
0.163	87	2085	1	0.557338	0.557338	87	0	0.526726	0.569138	nan	-1	-1	-1	nan	nan	nan	nan	nan	nan	nan
0.164	87	2078	1	0.555466	0.555466	87	0	0.525369	0.567782	nan	-1	-1	-1	nan	nan	nan	nan	nan	nan	nan
0.165	87	2077	1	0.555199	0.555199	87	0	0.524855	0.567251	nan	-1	-1	-1	nan	nan	nan	nan	nan	nan	nan
0.166	87	2076	1	0.554932	0.554932	87	0	0.524644	0.567002	nan	-1	-1	-1	nan	nan	nan	nan	nan	nan	nan
0.167	87	2073	1	0.55413	0.55413	87	0	0.523459	0.565953	nan	-1	-1	-1	nan	nan	nan	nan	nan	nan	nan
0.168	87	2071	1	0.553595	0.553595	87	0	0.523114	0.565567	nan	-1	-1	-1	nan	nan	nan	nan	nan	nan	nan
0.169	87	2069	1	0.553061	0.553061	87	0	0.522222	0.564792	nan	-1	-1	-1	nan	nan	nan	nan	nan	nan	nan
0.17	87	2065	1	0.551991	0.551991	87	0	0.521336	0.563692	nan	-1	-1	-1	nan	nan	nan	nan	nan	nan	nan
0.171	87	2059	1	0.550388	0.550388	87	0	0.519503	0.562022	nan	-1	-1	-1	nan	nan	nan	nan	nan	nan	nan
0.172	87	2056	1	0.549586	0.549586	87	0	0.517854	0.560753	nan	-1	-1	-1	nan	nan	nan	nan	nan	nan	nan
0.173	87	2050	1	0.547982	0.547982	87	0	0.516675	0.55965	nan	-1	-1	-1	nan	nan	nan	nan	nan	nan	nan
0.174	87	2041	1	0.545576	0.545576	87	0	0.5142	0.557114	nan	-1	-1	-1	nan	nan	nan	nan	nan	nan	nan
0.175	87	2037	1	0.544507	0.544507	87	0	0.512727	0.555832	nan	-1	-1	-1	nan	nan	nan	nan	nan	nan	nan
0.176	87	2034	1	0.543705	0.543705	87	0	0.511907	0.554993	nan	-1	-1	-1	nan	nan	nan	nan	nan	nan	nan
0.177	87	2031	1	0.542903	0.542903	87	0	0.511443	0.554395	nan	-1	-1	-1	nan	nan	nan	nan	nan	nan	nan
0.178	87	2029	1	0.542368	0.542368	87	0	0.511061	0.553925	nan	-1	-1	-1	nan	nan	nan	nan	nan	nan	nan
0.179	87	2023	1	0.540765	0.540765	87	0	0.510407	0.5529	nan	-1	-1	-1	nan	nan	nan	nan	nan	nan	nan
0.181	87	2020	1	0.539963	0.539963	87	0	0.509297	0.551821	nan	-1	-1	-1	nan	nan	nan	nan	nan	nan	nan
0.182	87	2016	1	0.538893	0.538893	87	0	0.50788	0.55067	nan	-1	-1	-1	nan	nan	nan	nan	nan	nan	nan
0.183	87	2009	1	0.537022	0.537022	87	0	0.506479	0.548988	nan	-1	-1	-1	nan	nan	nan	nan	nan	nan	nan
0.184	87	2005	1	0.535953	0.535953	87	0	0.505246	0.547752	nan	-1	-1	-1	nan	nan	nan	nan	nan	nan	nan
0.185	87	2002	1	0.535151	0.535151	87	0	0.50462	0.547065	nan	-1	-1	-1	nan	nan	nan	nan	nan	nan	nan
0.186	87	1992	1	0.532478	0.532478	87	0	0.501307	0.543833	nan	-1	-1	-1	nan	nan	nan	nan	nan	nan	nan
0.187	87	1988	1	0.531409	0.531409	87	0	0.500532	0.542824	nan	-1	-1	-1	nan	nan	nan	nan	nan	nan	nan
0.188	87	1985	1	0.530607	0.530607	87	0	0.499461	0.541918	nan	-1	-1	-1	nan	nan	nan	nan	nan	nan	nan
0.189	87	1983	1	0.530072	0.530072	87	0	0.499119	0.541556	nan	-1	-1	-1	nan	nan	nan	nan	nan	nan	nan
0.19	87	1977	1	0.528468	0.528468	87	0	0.498	0.539947	nan	-1	-1	-1	nan	nan	nan	nan	nan	nan	nan
0.191	87	1976	1	0.528201	0.528201	87	0	0.497944	0.53971	nan	-1	-1	-1	nan	nan	nan	nan	nan	nan	nan
0.192	87	1970	1	0.526597	0.526597	87	0	0.496148	0.537775	nan	-1	-1	-1	nan	nan	nan	nan	nan	nan	nan
0.193	87	1968	1	0.526063	0.526063	87	0	0.495802	0.537501	nan	-1	-1	-1	nan	nan	nan	nan	nan	nan	nan
0.194	87	1966	1	0.525528	0.525528	87	0	0.495564	0.537075	nan	-1	-1	-1	nan	nan	nan	nan	nan	nan	nan
0.195	87	1961	1	0.524191	0.524191	87	0	0.494754	0.536097	nan	-1	-1	-1	nan	nan	nan	nan	nan	nan	nan
0.196	87	1960	1	0.523924	0.523924	87	0	0.494539	0.535861	nan	-1	-1	-1	nan	nan	nan	nan	nan	nan	nan
0.197	87	1956	1	0.522855	0.522855	87	0	0.493208	0.53457	nan	-1	-1	-1	nan	nan	nan	nan	nan	nan	nan
0.198	87	1953	1	0.522053	0.522053	87	0	0.492952	0.534337	nan	-1	-1	-1	nan	nan	nan	nan	nan	nan	nan
0.199	87	1948	1	0.520716	0.520716	87	0	0.491922	0.533247	nan	-1	-1	-1	nan	nan	nan	nan	nan	nan	nan
0.2	87	1942	1	0.519113	0.519113	87	0	0.489774	0.531422	nan	-1	-1	-1	nan	nan	nan	nan	nan	nan	nan
0.201	87	1941	1	0.518845	0.518845	87	0	0.48958	0.531171	nan	-1	-1	-1	nan	nan	nan	nan	nan	nan	nan
0.202	87	1940	1	0.518578	0.518578	87	0	0.489394	0.53095	nan	-1	-1	-1	nan	nan	nan	nan	nan	nan	nan
0.203	87	1934	1	0.516974	0.516974	87	0	0.487755	0.529059	nan	-1	-1	-1	nan	nan	nan	nan	nan	nan	nan
0.204	87	1931	1	0.516172	0.516172	87	0	0.487049	0.528262	nan	-1	-1	-1	nan	nan	nan	nan	nan	nan	nan
0.205	87	1927	1	0.515103	0.515103	87	0	0.486372	0.527502	nan	-1	-1	-1	nan	nan	nan	nan	nan	nan	nan
0.206	87	1919	1	0.512964	0.512964	87	0	0.484178	0.525151	nan	-1	-1	-1	nan	nan	nan	nan	nan	nan	nan
0.207	87	1917	1	0.51243	0.51243	87	0	0.483929	0.524876	nan	-1	-1	-1	nan	nan	nan	nan	nan	nan	nan
0.208	87	1915	1	0.511895	0.511895	87	0	0.483089	0.52417	nan	-1	-1	-1	nan	nan	nan	nan	nan	nan	nan
0.209	87	1912	1	0.511093	0.511093	87	0	0.482526	0.523641	nan	-1	-1	-1	nan	nan	nan	nan	nan	nan	nan
0.21	87	1907	1	0.509757	0.509757	87	0	0.481223	0.521797	nan	-1	-1	-1	nan	nan	nan	nan	nan	nan	nan
0.211	87	1905	1	0.509222	0.509222	87	0	0.480882	0.521523	nan	-1	-1	-1	nan	nan	nan	nan	nan	nan	nan
0.212	87	1899	1	0.507618	0.507618	87	0	0.480097	0.520402	nan	-1	-1	-1	nan	nan	nan	nan	nan	nan	nan
0.213	87	1898	1	0.507351	0.507351	87	0	0.479837	0.520071	nan	-1	-1	-1	nan	nan	nan	nan	nan	nan	nan
0.214	87	1895	1	0.506549	0.506549	87	0	0.478647	0.518844	nan	-1	-1	-1	nan	nan	nan	nan	nan	nan	nan
0.215	87	1893	1	0.506014	0.506014	87	0	0.47821	0.518371	nan	-1	-1	-1	nan	nan	nan	nan	nan	nan	nan
0.216	87	1887	1	0.504411	0.504411	87	0	0.476498	0.516973	nan	-1	-1	-1	nan	nan	nan	nan	nan	nan	nan
0.217	87	1884	1	0.503609	0.503609	87	0	0.476018	0.516445	nan	-1	-1	-1	nan	nan	nan	nan	nan	nan	nan
0.218	87	1880	1	0.502539	0.502539	87	0	0.474507	0.515061	nan	-1	-1	-1	nan	nan	nan	nan	nan	nan	nan
0.219	87	1878	1	0.502005	0.502005	87	0	0.473843	0.514564	nan	-1	-1	-1	nan	nan	nan	nan	nan	nan	nan
0.22	87	1876	1	0.50147	0.50147	87	0	0.473385	0.51412	nan	-1	-1	-1	nan	nan	nan	nan	nan	nan	nan
0.221	87	1871	1	0.500134	0.500134	87	0	0.472126	0.512888	nan	-1	-1	-1	nan	nan	nan	nan	nan	nan	nan
0.222	87	1867	1	0.499064	0.499064	87	0	0.471668	0.512401	nan	-1	-1	-1	nan	nan	nan	nan	nan	nan	nan
0.223	87	1863	1	0.497995	0.497995	87	0	0.470835	0.511863	nan	-1	-1	-1	nan	nan	nan	nan	nan	nan	nan
0.224	87	1858	1	0.496659	0.496659	87	0	0.470006	0.510933	nan	-1	-1	-1	nan	nan	nan	nan	nan	nan	nan
0.225	87	1849	1	0.494253	0.494253	87	0	0.466968	0.508258	nan	-1	-1	-1	nan	nan	nan	nan	nan	nan	nan
0.226	87	1841	1	0.492114	0.492114	87	0	0.464565	0.506105	nan	-1	-1	-1	nan	nan	nan	nan	nan	nan	nan
0.227	87	1834	1	0.490243	0.490243	87	0	0.463104	0.504596	nan	-1	-1	-1	nan	nan	nan	nan	nan	nan	nan
0.228	87	1830	1	0.489174	0.489174	87	0	0.462831	0.504221	nan	-1	-1	-1	nan	nan	nan	nan	nan	nan	nan
0.229	87	1825	1	0.487837	0.487837	87	0	0.461594	0.503356	nan	-1	-1	-1	nan	nan	nan	nan	nan	nan	nan
0.23	87	1822	1	0.487036	0.487036	87	0	0.461352	0.503034	nan	-1	-1	-1	nan	nan	nan	nan	nan	nan	nan
0.231	87	1816	1	0.485432	0.485432	87	0	0.459657	0.500518	nan	-1	-1	-1	nan	nan	nan	nan	nan	nan	nan
0.232	87	1812	1	0.484362	0.484362	87	0	0.45879	0.499306	nan	-1	-1	-1	nan	nan	nan	nan	nan	nan	nan
0.233	87	1804	1	0.482224	0.482224	87	0	0.456383	0.496917	nan	-1	-1	-1	nan	nan	nan	nan	nan	nan	nan
0.234	87	1800	1	0.481155	0.481155	87	0	0.455278	0.495863	nan	-1	-1	-1	nan	nan	nan	nan	nan	nan	nan
0.235	87	1796	1	0.480086	0.480086	87	0	0.45455	0.494821	nan	-1	-1	-1	nan	nan	nan	nan	nan	nan	nan
0.236	87	1789	1	0.478214	0.478214	87	0	0.453459	0.493198	nan	-1	-1	-1	nan	nan	nan	nan	nan	nan	nan
0.237	87	1785	1	0.477145	0.477145	87	0	0.452741	0.492033	nan	-1	-1	-1	nan	nan	nan	nan	nan	nan	nan
0.238	87	1783	1	0.476611	0.476611	87	0	0.452055	0.49143	nan	-1	-1	-1	nan	nan	nan	nan	nan	nan	nan
0.239	87	1780	1	0.475809	0.475809	87	0	0.45158	0.490879	nan	-1	-1	-1	nan	nan	nan	nan	nan	nan	nan
0.24	87	1777	1	0.475007	0.475007	87	0	0.450701	0.489915	nan	-1	-1	-1	nan	nan	nan	nan	nan	nan	nan
0.241	87	1773	1	0.473937	0.473937	87	0	0.450226	0.488722	nan	-1	-1	-1	nan	nan	nan	nan	nan	nan	nan
0.242	87	1770	1	0.473136	0.473136	87	0	0.449713	0.488053	nan	-1	-1	-1	nan	nan	nan	nan	nan	nan	nan
0.243	87	1763	1	0.471264	0.471264	87	0	0.448154	0.486632	nan	-1	-1	-1	nan	nan	nan	nan	nan	nan	nan
0.244	87	1762	1	0.470997	0.470997	87	0	0.4481	0.486459	nan	-1	-1	-1	nan	nan	nan	nan	nan	nan	nan
0.245	87	1758	1	0.469928	0.469928	87	0	0.447121	0.485571	nan	-1	-1	-1	nan	nan	nan	nan	nan	nan	nan
0.246	87	1752	1	0.468324	0.468324	87	0	0.446112	0.48429	nan	-1	-1	-1	nan	nan	nan	nan	nan	nan	nan
0.247	87	1749	1	0.467522	0.467522	87	0	0.445256	0.483568	nan	-1	-1	-1	nan	nan	nan	nan	nan	nan	nan
0.248	87	1745	1	0.466453	0.466453	87	0	0.444428	0.482604	nan	-1	-1	-1	nan	nan	nan	nan	nan	nan	nan
0.249	87	1743	1	0.465918	0.465918	87	0	0.443871	0.482162	nan	-1	-1	-1	nan	nan	nan	nan	nan	nan	nan
0.25	87	1740	1	0.465116	0.465116	87	0	0.443681	0.481871	nan	-1	-1	-1	nan	nan	nan	nan	nan	nan	nan
0.252	87	1735	1	0.46378	0.46378	87	0	0.443091	0.480492	nan	-1	-1	-1	nan	nan	nan	nan	nan	nan	nan
0.253	87	1733	1	0.463245	0.463245	87	0	0.442598	0.480007	nan	-1	-1	-1	nan	nan	nan	nan	nan	nan	nan
0.254	87	1728	1	0.461909	0.461909	87	0	0.441408	0.479284	nan	-1	-1	-1	nan	nan	nan	nan	nan	nan	nan
0.255	87	1721	1	0.460037	0.460037	87	0	0.439703	0.477253	nan	-1	-1	-1	nan	nan	nan	nan	nan	nan	nan
0.256	87	1718	1	0.459235	0.459235	87	0	0.438707	0.476448	nan	-1	-1	-1	nan	nan	nan	nan	nan	nan	nan
0.257	87	1715	1	0.458434	0.458434	87	0	0.438422	0.47627	nan	-1	-1	-1	nan	nan	nan	nan	nan	nan	nan
0.258	87	1710	1	0.457097	0.457097	87	0	0.43733	0.47482	nan	-1	-1	-1	nan	nan	nan	nan	nan	nan	nan
0.259	87	1708	1	0.456562	0.456562	87	0	0.437477	0.474852	nan	-1	-1	-1	nan	nan	nan	nan	nan	nan	nan
0.26	87	1700	1	0.454424	0.454424	87	0	0.435984	0.473046	nan	-1	-1	-1	nan	nan	nan	nan	nan	nan	nan
0.261	87	1697	1	0.453622	0.453622	87	0	0.434818	0.471951	nan	-1	-1	-1	nan	nan	nan	nan	nan	nan	nan
0.262	87	1694	1	0.45282	0.45282	87	0	0.433698	0.470903	nan	-1	-1	-1	nan	nan	nan	nan	nan	nan	nan
0.263	87	1690	1	0.451751	0.451751	87	0	0.43329	0.47007	nan	-1	-1	-1	nan	nan	nan	nan	nan	nan	nan
0.264	87	1685	1	0.450414	0.450414	87	0	0.431947	0.468505	nan	-1	-1	-1	nan	nan	nan	nan	nan	nan	nan
0.265	87	1680	1	0.449078	0.449078	87	0	0.429637	0.466422	nan	-1	-1	-1	nan	nan	nan	nan	nan	nan	nan
0.266	87	1676	1	0.448009	0.448009	87	0	0.428559	0.464873	nan	-1	-1	-1	nan	nan	nan	nan	nan	nan	nan
0.267	87	1671	1	0.446672	0.446672	87	0	0.427757	0.463963	nan	-1	-1	-1	nan	nan	nan	nan	nan	nan	nan
0.268	87	1670	1	0.446405	0.446405	87	0	0.427336	0.463669	nan	-1	-1	-1	nan	nan	nan	nan	nan	nan	nan
0.269	87	1667	1	0.445603	0.445603	87	0	0.426239	0.462383	nan	-1	-1	-1	nan	nan	nan	nan	nan	nan	nan
0.27	87	1661	1	0.443999	0.443999	87	0	0.425158	0.461392	nan	-1	-1	-1	nan	nan	nan	nan	nan	nan	nan
0.271	87	1659	1	0.443464	0.443464	87	0	0.42437	0.460516	nan	-1	-1	-1	nan	nan	nan	nan	nan	nan	nan
0.272	87	1654	1	0.442128	0.442128	87	0	0.423607	0.459681	nan	-1	-1	-1	nan	nan	nan	nan	nan	nan	nan
0.273	87	1649	1	0.440791	0.440791	87	0	0.421963	0.45776	nan	-1	-1	-1	nan	nan	nan	nan	nan	nan	nan
0.274	87	1646	1	0.439989	0.439989	87	0	0.421269	0.456941	nan	-1	-1	-1	nan	nan	nan	nan	nan	nan	nan
0.275	87	1643	1	0.439187	0.439187	87	0	0.420698	0.456745	nan	-1	-1	-1	nan	nan	nan	nan	nan	nan	nan
0.276	87	1642	1	0.43892	0.43892	87	0	0.420725	0.456677	nan	-1	-1	-1	nan	nan	nan	nan	nan	nan	nan
0.277	87	1637	1	0.437584	0.437584	87	0	0.419452	0.45503	nan	-1	-1	-1	nan	nan	nan	nan	nan	nan	nan
0.278	87	1632	1	0.436247	0.436247	87	0	0.418325	0.453881	nan	-1	-1	-1	nan	nan	nan	nan	nan	nan	nan
0.279	87	1631	1	0.43598	0.43598	87	0	0.418481	0.453827	nan	-1	-1	-1	nan	nan	nan	nan	nan	nan	nan
0.281	87	1627	1	0.43491	0.43491	87	0	0.418102	0.453518	nan	-1	-1	-1	nan	nan	nan	nan	nan	nan	nan
0.282	87	1620	1	0.433039	0.433039	87	0	0.416614	0.45147	nan	-1	-1	-1	nan	nan	nan	nan	nan	nan	nan
0.283	87	1616	1	0.43197	0.43197	87	0	0.41568	0.450949	nan	-1	-1	-1	nan	nan	nan	nan	nan	nan	nan
0.284	87	1612	1	0.430901	0.430901	87	0	0.414947	0.4501	nan	-1	-1	-1	nan	nan	nan	nan	nan	nan	nan
0.285	87	1607	1	0.429564	0.429564	87	0	0.413936	0.449301	nan	-1	-1	-1	nan	nan	nan	nan	nan	nan	nan
0.286	87	1602	1	0.428228	0.428228	87	0	0.412912	0.448384	nan	-1	-1	-1	nan	nan	nan	nan	nan	nan	nan
0.287	87	1597	1	0.426891	0.426891	87	0	0.411853	0.447676	nan	-1	-1	-1	nan	nan	nan	nan	nan	nan	nan
0.288	87	1593	1	0.425822	0.425822	87	0	0.411279	0.446711	nan	-1	-1	-1	nan	nan	nan	nan	nan	nan	nan
0.289	87	1586	1	0.423951	0.423951	87	0	0.409806	0.44514	nan	-1	-1	-1	nan	nan	nan	nan	nan	nan	nan
0.29	87	1578	1	0.421812	0.421812	87	0	0.4077	0.443291	nan	-1	-1	-1	nan	nan	nan	nan	nan	nan	nan
0.291	87	1575	1	0.42101	0.42101	87	0	0.407294	0.443128	nan	-1	-1	-1	nan	nan	nan	nan	nan	nan	nan
0.292	87	1571	1	0.419941	0.419941	87	0	0.406728	0.442338	nan	-1	-1	-1	nan	nan	nan	nan	nan	nan	nan
0.293	87	1569	1	0.419407	0.419407	87	0	0.406568	0.442099	nan	-1	-1	-1	nan	nan	nan	nan	nan	nan	nan
0.294	87	1565	1	0.418337	0.418337	87	0	0.405981	0.441441	nan	-1	-1	-1	nan	nan	nan	nan	nan	nan	nan
0.295	87	1560	1	0.417001	0.417001	87	0	0.404999	0.440511	nan	-1	-1	-1	nan	nan	nan	nan	nan	nan	nan
0.296	87	1559	1	0.416733	0.416733	87	0	0.404565	0.440009	nan	-1	-1	-1	nan	nan	nan	nan	nan	nan	nan
0.297	87	1558	1	0.416466	0.416466	87	0	0.404399	0.439886	nan	-1	-1	-1	nan	nan	nan	nan	nan	nan	nan
0.298	87	1555	1	0.415664	0.415664	87	0	0.403642	0.439119	nan	-1	-1	-1	nan	nan	nan	nan	nan	nan	nan
0.299	87	1551	1	0.414595	0.414595	87	0	0.40222	0.437825	nan	-1	-1	-1	nan	nan	nan	nan	nan	nan	nan
0.3	87	1547	1	0.413526	0.413526	87	0	0.400701	0.436266	nan	-1	-1	-1	nan	nan	nan	nan	nan	nan	nan
0.301	87	1546	1	0.413258	0.413258	87	0	0.400184	0.435793	nan	-1	-1	-1	nan	nan	nan	nan	nan	nan	nan
0.302	87	1542	1	0.412189	0.412189	87	0	0.399962	0.435544	nan	-1	-1	-1	nan	nan	nan	nan	nan	nan	nan
0.303	87	1536	1	0.410585	0.410585	87	0	0.398162	0.433778	nan	-1	-1	-1	nan	nan	nan	nan	nan	nan	nan
0.304	87	1532	1	0.409516	0.409516	87	0	0.396665	0.432221	nan	-1	-1	-1	nan	nan	nan	nan	nan	nan	nan
0.305	87	1530	1	0.408982	0.408982	87	0	0.39572	0.431324	nan	-1	-1	-1	nan	nan	nan	nan	nan	nan	nan
0.306	87	1526	1	0.407912	0.407912	87	0	0.394789	0.430395	nan	-1	-1	-1	nan	nan	nan	nan	nan	nan	nan
0.307	87	1525	1	0.407645	0.407645	87	0	0.394579	0.430126	nan	-1	-1	-1	nan	nan	nan	nan	nan	nan	nan
0.308	87	1522	1	0.406843	0.406843	87	0	0.393104	0.428852	nan	-1	-1	-1	nan	nan	nan	nan	nan	nan	nan
0.309	87	1516	1	0.405239	0.405239	87	0	0.391736	0.427473	nan	-1	-1	-1	nan	nan	nan	nan	nan	nan	nan
0.31	87	1511	1	0.403903	0.403903	87	0	0.391144	0.426784	nan	-1	-1	-1	nan	nan	nan	nan	nan	nan	nan
0.311	87	1510	1	0.403635	0.403635	87	0	0.390824	0.426621	nan	-1	-1	-1	nan	nan	nan	nan	nan	nan	nan
0.312	87	1505	1	0.402299	0.402299	87	0	0.389648	0.425482	nan	-1	-1	-1	nan	nan	nan	nan	nan	nan	nan
0.313	87	1500	1	0.400962	0.400962	87	0	0.387704	0.423572	nan	-1	-1	-1	nan	nan	nan	nan	nan	nan	nan
0.314	87	1495	1	0.399626	0.399626	87	0	0.387444	0.423053	nan	-1	-1	-1	nan	nan	nan	nan	nan	nan	nan
0.315	87	1493	1	0.399091	0.399091	87	0	0.386492	0.422309	nan	-1	-1	-1	nan	nan	nan	nan	nan	nan	nan
0.316	87	1491	1	0.398557	0.398557	87	0	0.386271	0.422099	nan	-1	-1	-1	nan	nan	nan	nan	nan	nan	nan
0.317	87	1488	1	0.397755	0.397755	87	0	0.385144	0.421221	nan	-1	-1	-1	nan	nan	nan	nan	nan	nan	nan
0.318	87	1487	1	0.397487	0.397487	87	0	0.384995	0.421057	nan	-1	-1	-1	nan	nan	nan	nan	nan	nan	nan
0.319	87	1485	1	0.396953	0.396953	87	0	0.38461	0.420693	nan	-1	-1	-1	nan	nan	nan	nan	nan	nan	nan
0.32	87	1480	1	0.395616	0.395616	87	0	0.383095	0.419144	nan	-1	-1	-1	nan	nan	nan	nan	nan	nan	nan
0.321	87	1477	1	0.394814	0.394814	87	0	0.382698	0.418586	nan	-1	-1	-1	nan	nan	nan	nan	nan	nan	nan
0.322	87	1475	1	0.39428	0.39428	87	0	0.381607	0.417633	nan	-1	-1	-1	nan	nan	nan	nan	nan	nan	nan
0.323	87	1472	1	0.393478	0.393478	87	0	0.380275	0.416612	nan	-1	-1	-1	nan	nan	nan	nan	nan	nan	nan
0.324	87	1468	1	0.392408	0.392408	87	0	0.379733	0.415607	nan	-1	-1	-1	nan	nan	nan	nan	nan	nan	nan
0.325	87	1466	1	0.391874	0.391874	87	0	0.37963	0.415377	nan	-1	-1	-1	nan	nan	nan	nan	nan	nan	nan
0.326	87	1464	1	0.391339	0.391339	87	0	0.379329	0.414912	nan	-1	-1	-1	nan	nan	nan	nan	nan	nan	nan
0.328	87	1461	1	0.390537	0.390537	87	0	0.378918	0.414495	nan	-1	-1	-1	nan	nan	nan	nan	nan	nan	nan
0.329	87	1457	1	0.389468	0.389468	87	0	0.378423	0.414123	nan	-1	-1	-1	nan	nan	nan	nan	nan	nan	nan
0.33	87	1454	1	0.388666	0.388666	87	0	0.377801	0.413063	nan	-1	-1	-1	nan	nan	nan	nan	nan	nan	nan
0.331	87	1449	1	0.38733	0.38733	87	0	0.376794	0.411953	nan	-1	-1	-1	nan	nan	nan	nan	nan	nan	nan
0.332	87	1444	1	0.385993	0.385993	87	0	0.375708	0.410968	nan	-1	-1	-1	nan	nan	nan	nan	nan	nan	nan
0.333	87	1441	1	0.385191	0.385191	87	0	0.375536	0.410657	nan	-1	-1	-1	nan	nan	nan	nan	nan	nan	nan
0.334	87	1440	1	0.384924	0.384924	87	0	0.375305	0.410356	nan	-1	-1	-1	nan	nan	nan	nan	nan	nan	nan
0.335	87	1437	1	0.384122	0.384122	87	0	0.374636	0.409792	nan	-1	-1	-1	nan	nan	nan	nan	nan	nan	nan
0.336	87	1433	1	0.383053	0.383053	87	0	0.37328	0.408439	nan	-1	-1	-1	nan	nan	nan	nan	nan	nan	nan
0.337	87	1427	1	0.381449	0.381449	87	0	0.372811	0.407719	nan	-1	-1	-1	nan	nan	nan	nan	nan	nan	nan
0.338	87	1426	1	0.381182	0.381182	87	0	0.372551	0.407328	nan	-1	-1	-1	nan	nan	nan	nan	nan	nan	nan
0.339	87	1421	1	0.379845	0.379845	87	0	0.371437	0.406145	nan	-1	-1	-1	nan	nan	nan	nan	nan	nan	nan
0.34	87	1415	1	0.378241	0.378241	87	0	0.369846	0.404701	nan	-1	-1	-1	nan	nan	nan	nan	nan	nan	nan
0.341	87	1410	1	0.376905	0.376905	87	0	0.368269	0.403028	nan	-1	-1	-1	nan	nan	nan	nan	nan	nan	nan
0.342	87	1409	1	0.376637	0.376637	87	0	0.367168	0.401923	nan	-1	-1	-1	nan	nan	nan	nan	nan	nan	nan
0.343	87	1406	1	0.375835	0.375835	87	0	0.366762	0.401567	nan	-1	-1	-1	nan	nan	nan	nan	nan	nan	nan
0.344	87	1400	1	0.374231	0.374231	87	0	0.364824	0.400324	nan	-1	-1	-1	nan	nan	nan	nan	nan	nan	nan
0.345	87	1398	1	0.373697	0.373697	87	0	0.364045	0.399819	nan	-1	-1	-1	nan	nan	nan	nan	nan	nan	nan
0.346	87	1395	1	0.372895	0.372895	87	0	0.362796	0.398355	nan	-1	-1	-1	nan	nan	nan	nan	nan	nan	nan
0.347	87	1392	1	0.372093	0.372093	87	0	0.362001	0.397502	nan	-1	-1	-1	nan	nan	nan	nan	nan	nan	nan
0.348	87	1387	1	0.370756	0.370756	87	0	0.36079	0.395992	nan	-1	-1	-1	nan	nan	nan	nan	nan	nan	nan
0.349	87	1383	1	0.369687	0.369687	87	0	0.360472	0.395234	nan	-1	-1	-1	nan	nan	nan	nan	nan	nan	nan
0.35	87	1382	1	0.36942	0.36942	87	0	0.36046	0.394845	nan	-1	-1	-1	nan	nan	nan	nan	nan	nan	nan
0.351	87	1379	1	0.368618	0.368618	87	0	0.360524	0.394407	nan	-1	-1	-1	nan	nan	nan	nan	nan	nan	nan
0.352	87	1372	1	0.366747	0.366747	87	0	0.35873	0.392927	nan	-1	-1	-1	nan	nan	nan	nan	nan	nan	nan
0.353	87	1369	1	0.365945	0.365945	87	0	0.357968	0.392379	nan	-1	-1	-1	nan	nan	nan	nan	nan	nan	nan
0.355	87	1363	1	0.364341	0.364341	87	0	0.357269	0.391866	nan	-1	-1	-1	nan	nan	nan	nan	nan	nan	nan
0.356	87	1361	1	0.363806	0.363806	87	0	0.357152	0.391715	nan	-1	-1	-1	nan	nan	nan	nan	nan	nan	nan
0.357	87	1357	1	0.362737	0.362737	87	0	0.357098	0.391918	nan	-1	-1	-1	nan	nan	nan	nan	nan	nan	nan
0.358	87	1353	1	0.361668	0.361668	87	0	0.355199	0.39013	nan	-1	-1	-1	nan	nan	nan	nan	nan	nan	nan
0.359	87	1348	1	0.360331	0.360331	87	0	0.353854	0.389074	nan	-1	-1	-1	nan	nan	nan	nan	nan	nan	nan
0.36	87	1344	1	0.359262	0.359262	87	0	0.353357	0.388808	nan	-1	-1	-1	nan	nan	nan	nan	nan	nan	nan
0.361	87	1341	1	0.35846	0.35846	87	0	0.353258	0.388791	nan	-1	-1	-1	nan	nan	nan	nan	nan	nan	nan
0.362	87	1338	1	0.357658	0.357658	87	0	0.352573	0.388346	nan	-1	-1	-1	nan	nan	nan	nan	nan	nan	nan
0.363	87	1334	1	0.356589	0.356589	87	0	0.351732	0.387317	nan	-1	-1	-1	nan	nan	nan	nan	nan	nan	nan
0.364	87	1330	1	0.35552	0.35552	87	0	0.350923	0.386121	nan	-1	-1	-1	nan	nan	nan	nan	nan	nan	nan
0.365	87	1327	1	0.354718	0.354718	87	0	0.350444	0.384456	nan	-1	-1	-1	nan	nan	nan	nan	nan	nan	nan
0.367	87	1324	1	0.353916	0.353916	87	0	0.348757	0.382166	nan	-1	-1	-1	nan	nan	nan	nan	nan	nan	nan
0.368	87	1320	1	0.352847	0.352847	87	0	0.348323	0.381648	nan	-1	-1	-1	nan	nan	nan	nan	nan	nan	nan
0.369	87	1314	1	0.351243	0.351243	87	0	0.347693	0.38057	nan	-1	-1	-1	nan	nan	nan	nan	nan	nan	nan
0.37	87	1307	1	0.349372	0.349372	87	0	0.346846	0.379118	nan	-1	-1	-1	nan	nan	nan	nan	nan	nan	nan
0.371	87	1302	1	0.348035	0.348035	87	0	0.346319	0.378023	nan	-1	-1	-1	nan	nan	nan	nan	nan	nan	nan
0.372	87	1299	1	0.347233	0.347233	87	0	0.34567	0.377507	nan	-1	-1	-1	nan	nan	nan	nan	nan	nan	nan
0.373	87	1298	1	0.346966	0.346966	87	0	0.345627	0.377431	nan	-1	-1	-1	nan	nan	nan	nan	nan	nan	nan
0.374	87	1296	1	0.346431	0.346431	87	0	0.345185	0.37699	nan	-1	-1	-1	nan	nan	nan	nan	nan	nan	nan
0.375	87	1293	1	0.34563	0.34563	87	0	0.344081	0.376	nan	-1	-1	-1	nan	nan	nan	nan	nan	nan	nan
0.376	87	1289	1	0.34456	0.34456	87	0	0.342654	0.374778	nan	-1	-1	-1	nan	nan	nan	nan	nan	nan	nan
0.377	87	1285	1	0.343491	0.343491	87	0	0.342387	0.373909	nan	-1	-1	-1	nan	nan	nan	nan	nan	nan	nan
0.378	87	1279	1	0.341887	0.341887	87	0	0.340849	0.372566	nan	-1	-1	-1	nan	nan	nan	nan	nan	nan	nan
0.379	87	1276	1	0.341085	0.341085	87	0	0.34071	0.372403	nan	-1	-1	-1	nan	nan	nan	nan	nan	nan	nan
0.38	87	1272	1	0.340016	0.340016	87	0	0.339805	0.371398	nan	-1	-1	-1	nan	nan	nan	nan	nan	nan	nan
0.381	87	1270	1	0.339481	0.339481	87	0	0.339613	0.371142	nan	-1	-1	-1	nan	nan	nan	nan	nan	nan	nan
0.382	87	1267	1	0.338679	0.338679	87	0	0.339325	0.370768	nan	-1	-1	-1	nan	nan	nan	nan	nan	nan	nan
0.383	87	1264	1	0.337878	0.337878	87	0	0.338999	0.370083	nan	-1	-1	-1	nan	nan	nan	nan	nan	nan	nan
0.384	87	1262	1	0.337343	0.337343	87	0	0.338519	0.369709	nan	-1	-1	-1	nan	nan	nan	nan	nan	nan	nan
0.385	87	1259	1	0.336541	0.336541	87	0	0.338322	0.369415	nan	-1	-1	-1	nan	nan	nan	nan	nan	nan	nan
0.386	87	1255	1	0.335472	0.335472	87	0	0.33748	0.368621	nan	-1	-1	-1	nan	nan	nan	nan	nan	nan	nan
0.388	87	1250	1	0.334135	0.334135	87	0	0.336756	0.367501	nan	-1	-1	-1	nan	nan	nan	nan	nan	nan	nan
0.389	87	1249	1	0.333868	0.333868	87	0	0.336694	0.367129	nan	-1	-1	-1	nan	nan	nan	nan	nan	nan	nan
0.39	87	1247	1	0.333333	0.333333	87	0	0.336223	0.366599	nan	-1	-1	-1	nan	nan	nan	nan	nan	nan	nan
0.391	87	1244	1	0.332531	0.332531	87	0	0.335213	0.36608	nan	-1	-1	-1	nan	nan	nan	nan	nan	nan	nan
0.392	87	1238	1	0.330928	0.330928	87	0	0.334749	0.364897	nan	-1	-1	-1	nan	nan	nan	nan	nan	nan	nan
0.393	87	1237	1	0.33066	0.33066	87	0	0.334617	0.364663	nan	-1	-1	-1	nan	nan	nan	nan	nan	nan	nan
0.394	87	1231	1	0.329056	0.329056	87	0	0.334043	0.363956	nan	-1	-1	-1	nan	nan	nan	nan	nan	nan	nan
0.395	87	1228	1	0.328254	0.328254	87	0	0.333511	0.363562	nan	-1	-1	-1	nan	nan	nan	nan	nan	nan	nan
0.396	87	1227	1	0.327987	0.327987	87	0	0.333274	0.363163	nan	-1	-1	-1	nan	nan	nan	nan	nan	nan	nan
0.397	87	1224	1	0.327185	0.327185	87	0	0.3326	0.362382	nan	-1	-1	-1	nan	nan	nan	nan	nan	nan	nan
0.398	87	1221	1	0.326383	0.326383	87	0	0.332236	0.362066	nan	-1	-1	-1	nan	nan	nan	nan	nan	nan	nan
0.399	87	1220	1	0.326116	0.326116	87	0	0.332432	0.361673	nan	-1	-1	-1	nan	nan	nan	nan	nan	nan	nan
0.4	87	1218	1	0.325581	0.325581	87	0	0.332585	0.361839	nan	-1	-1	-1	nan	nan	nan	nan	nan	nan	nan
0.401	87	1216	1	0.325047	0.325047	87	0	0.33273	0.361768	nan	-1	-1	-1	nan	nan	nan	nan	nan	nan	nan
0.404	87	1215	1	0.324779	0.324779	87	0	0.332651	0.361576	nan	-1	-1	-1	nan	nan	nan	nan	nan	nan	nan
0.405	87	1211	1	0.32371	0.32371	87	0	0.332015	0.360746	nan	-1	-1	-1	nan	nan	nan	nan	nan	nan	nan
0.406	87	1208	1	0.322908	0.322908	87	0	0.331467	0.359936	nan	-1	-1	-1	nan	nan	nan	nan	nan	nan	nan
0.408	87	1204	1	0.321839	0.321839	87	0	0.331052	0.359373	nan	-1	-1	-1	nan	nan	nan	nan	nan	nan	nan
0.409	87	1198	1	0.320235	0.320235	87	0	0.327405	0.355895	nan	-1	-1	-1	nan	nan	nan	nan	nan	nan	nan
0.41	87	1195	1	0.319433	0.319433	87	0	0.324418	0.35329	nan	-1	-1	-1	nan	nan	nan	nan	nan	nan	nan
0.411	87	1194	1	0.319166	0.319166	87	0	0.323657	0.352726	nan	-1	-1	-1	nan	nan	nan	nan	nan	nan	nan
0.412	87	1192	1	0.318631	0.318631	87	0	0.323849	0.352836	nan	-1	-1	-1	nan	nan	nan	nan	nan	nan	nan
0.413	87	1188	1	0.317562	0.317562	87	0	0.323366	0.35211	nan	-1	-1	-1	nan	nan	nan	nan	nan	nan	nan
0.414	87	1185	1	0.31676	0.31676	87	0	0.323109	0.351763	nan	-1	-1	-1	nan	nan	nan	nan	nan	nan	nan
0.415	87	1182	1	0.315958	0.315958	87	0	0.321738	0.350644	nan	-1	-1	-1	nan	nan	nan	nan	nan	nan	nan
0.416	87	1177	1	0.314622	0.314622	87	0	0.320991	0.349907	nan	-1	-1	-1	nan	nan	nan	nan	nan	nan	nan
0.417	87	1176	1	0.314354	0.314354	87	0	0.319658	0.348371	nan	-1	-1	-1	nan	nan	nan	nan	nan	nan	nan
0.418	87	1174	1	0.31382	0.31382	87	0	0.319133	0.347781	nan	-1	-1	-1	nan	nan	nan	nan	nan	nan	nan
0.42	87	1170	1	0.312751	0.312751	87	0	0.318128	0.346928	nan	-1	-1	-1	nan	nan	nan	nan	nan	nan	nan
0.421	87	1168	1	0.312216	0.312216	87	0	0.317707	0.346488	nan	-1	-1	-1	nan	nan	nan	nan	nan	nan	nan
0.422	87	1167	1	0.311949	0.311949	87	0	0.317261	0.346147	nan	-1	-1	-1	nan	nan	nan	nan	nan	nan	nan
0.423	87	1166	1	0.311681	0.311681	87	0	0.316432	0.3459	nan	-1	-1	-1	nan	nan	nan	nan	nan	nan	nan
0.424	87	1165	1	0.311414	0.311414	87	0	0.316367	0.346043	nan	-1	-1	-1	nan	nan	nan	nan	nan	nan	nan
0.425	87	1160	1	0.310078	0.310078	87	0	0.313041	0.343256	nan	-1	-1	-1	nan	nan	nan	nan	nan	nan	nan
0.426	87	1156	1	0.309008	0.309008	87	0	0.312319	0.342941	nan	-1	-1	-1	nan	nan	nan	nan	nan	nan	nan
0.427	87	1151	1	0.307672	0.307672	87	0	0.311657	0.342509	nan	-1	-1	-1	nan	nan	nan	nan	nan	nan	nan
0.428	87	1145	1	0.306068	0.306068	87	0	0.310163	0.34059	nan	-1	-1	-1	nan	nan	nan	nan	nan	nan	nan
0.429	87	1143	1	0.305533	0.305533	87	0	0.309527	0.339742	nan	-1	-1	-1	nan	nan	nan	nan	nan	nan	nan
0.43	87	1138	1	0.304197	0.304197	87	0	0.309306	0.338054	nan	-1	-1	-1	nan	nan	nan	nan	nan	nan	nan
0.431	87	1136	1	0.303662	0.303662	87	0	0.309321	0.337972	nan	-1	-1	-1	nan	nan	nan	nan	nan	nan	nan
0.432	87	1133	1	0.30286	0.30286	87	0	0.308455	0.33698	nan	-1	-1	-1	nan	nan	nan	nan	nan	nan	nan
0.433	87	1129	1	0.301791	0.301791	87	0	0.307692	0.336581	nan	-1	-1	-1	nan	nan	nan	nan	nan	nan	nan
0.434	87	1128	1	0.301524	0.301524	87	0	0.306388	0.335327	nan	-1	-1	-1	nan	nan	nan	nan	nan	nan	nan
0.435	87	1125	1	0.300722	0.300722	87	0	0.305747	0.334803	nan	-1	-1	-1	nan	nan	nan	nan	nan	nan	nan
0.436	87	1124	1	0.300454	0.300454	87	0	0.305291	0.334382	nan	-1	-1	-1	nan	nan	nan	nan	nan	nan	nan
0.437	87	1121	1	0.299652	0.299652	87	0	0.304055	0.333242	nan	-1	-1	-1	nan	nan	nan	nan	nan	nan	nan
0.438	87	1119	1	0.299118	0.299118	87	0	0.303581	0.332764	nan	-1	-1	-1	nan	nan	nan	nan	nan	nan	nan
0.439	87	1117	1	0.298583	0.298583	87	0	0.302562	0.331783	nan	-1	-1	-1	nan	nan	nan	nan	nan	nan	nan
0.44	87	1112	1	0.297247	0.297247	87	0	0.301514	0.330866	nan	-1	-1	-1	nan	nan	nan	nan	nan	nan	nan
0.441	87	1108	1	0.296177	0.296177	87	0	0.300037	0.329771	nan	-1	-1	-1	nan	nan	nan	nan	nan	nan	nan
0.442	87	1102	1	0.294574	0.294574	87	0	0.297323	0.327101	nan	-1	-1	-1	nan	nan	nan	nan	nan	nan	nan
0.443	87	1097	1	0.293237	0.293237	87	0	0.295668	0.324653	nan	-1	-1	-1	nan	nan	nan	nan	nan	nan	nan
0.444	87	1094	1	0.292435	0.292435	87	0	0.295369	0.324546	nan	-1	-1	-1	nan	nan	nan	nan	nan	nan	nan
0.445	87	1092	1	0.291901	0.291901	87	0	0.294006	0.324713	nan	-1	-1	-1	nan	nan	nan	nan	nan	nan	nan
0.446	87	1087	1	0.290564	0.290564	87	0	0.291501	0.322894	nan	-1	-1	-1	nan	nan	nan	nan	nan	nan	nan
0.447	87	1086	1	0.290297	0.290297	87	0	0.290791	0.322221	nan	-1	-1	-1	nan	nan	nan	nan	nan	nan	nan
0.448	87	1084	1	0.289762	0.289762	87	0	0.29078	0.322001	nan	-1	-1	-1	nan	nan	nan	nan	nan	nan	nan
0.449	87	1083	1	0.289495	0.289495	87	0	0.289716	0.320984	nan	-1	-1	-1	nan	nan	nan	nan	nan	nan	nan
0.45	87	1080	1	0.288693	0.288693	87	0	0.289567	0.320887	nan	-1	-1	-1	nan	nan	nan	nan	nan	nan	nan
0.451	87	1078	1	0.288158	0.288158	87	0	0.287995	0.319416	nan	-1	-1	-1	nan	nan	nan	nan	nan	nan	nan
0.452	87	1076	1	0.287624	0.287624	87	0	0.287516	0.318929	nan	-1	-1	-1	nan	nan	nan	nan	nan	nan	nan
0.453	87	1073	1	0.286822	0.286822	87	0	0.287404	0.31868	nan	-1	-1	-1	nan	nan	nan	nan	nan	nan	nan
0.454	87	1068	1	0.285485	0.285485	87	0	0.286576	0.317817	nan	-1	-1	-1	nan	nan	nan	nan	nan	nan	nan
0.455	87	1062	1	0.283881	0.283881	87	0	0.285189	0.316416	nan	-1	-1	-1	nan	nan	nan	nan	nan	nan	nan
0.456	87	1061	1	0.283614	0.283614	87	0	0.284765	0.316039	nan	-1	-1	-1	nan	nan	nan	nan	nan	nan	nan
0.457	86	1056	1	0.288919	0.282277	86	0	0.284297	0.315494	nan	-1	-1	-1	nan	nan	nan	nan	nan	nan	nan
0.458	86	1053	1	0.288098	0.281476	86	0	0.281465	0.313445	nan	-1	-1	-1	nan	nan	nan	nan	nan	nan	nan
0.459	86	1049	1	0.287004	0.280406	86	0	0.280737	0.31261	nan	-1	-1	-1	nan	nan	nan	nan	nan	nan	nan
0.46	86	1048	1	0.286731	0.280139	86	0	0.280586	0.312696	nan	-1	-1	-1	nan	nan	nan	nan	nan	nan	nan
0.461	86	1045	1	0.28591	0.279337	86	0	0.27996	0.311943	nan	-1	-1	-1	nan	nan	nan	nan	nan	nan	nan
0.462	86	1039	1	0.284268	0.277733	86	0	0.277949	0.30987	nan	-1	-1	-1	nan	nan	nan	nan	nan	nan	nan
0.463	86	1034	1	0.2829	0.276397	86	0	0.274298	0.306337	nan	-1	-1	-1	nan	nan	nan	nan	nan	nan	nan
0.465	86	1032	1	0.282353	0.275862	86	0	0.274581	0.306414	nan	-1	-1	-1	nan	nan	nan	nan	nan	nan	nan
0.466	86	1028	1	0.281259	0.274793	86	0	0.273948	0.306138	nan	-1	-1	-1	nan	nan	nan	nan	nan	nan	nan
0.467	86	1025	1	0.280438	0.273991	86	0	0.274176	0.306169	nan	-1	-1	-1	nan	nan	nan	nan	nan	nan	nan
0.468	86	1023	1	0.279891	0.273456	86	0	0.27387	0.305757	nan	-1	-1	-1	nan	nan	nan	nan	nan	nan	nan
0.469	86	1021	1	0.279343	0.272922	86	0	0.273466	0.305211	nan	-1	-1	-1	nan	nan	nan	nan	nan	nan	nan
0.47	86	1017	1	0.278249	0.271852	86	0	0.273294	0.305517	nan	-1	-1	-1	nan	nan	nan	nan	nan	nan	nan
0.471	85	1013	1	0.283754	0.270783	85	0	0.272884	0.304747	nan	-1	-1	-1	nan	nan	nan	nan	nan	nan	nan
0.472	85	1012	1	0.283473	0.270516	85	0	0.272472	0.304434	nan	-1	-1	-1	nan	nan	nan	nan	nan	nan	nan
0.473	85	1007	1	0.282073	0.269179	85	0	0.272608	0.304285	nan	-1	-1	-1	nan	nan	nan	nan	nan	nan	nan
0.474	85	1005	1	0.281513	0.268645	85	0	0.272787	0.304467	nan	-1	-1	-1	nan	nan	nan	nan	nan	nan	nan
0.475	85	1002	1	0.280672	0.267843	85	0	0.272197	0.303888	nan	-1	-1	-1	nan	nan	nan	nan	nan	nan	nan
0.476	85	1000	1	0.280112	0.267308	85	0	0.270897	0.302929	nan	-1	-1	-1	nan	nan	nan	nan	nan	nan	nan
0.477	85	999	1	0.279832	0.267041	85	0	0.270328	0.302318	nan	-1	-1	-1	nan	nan	nan	nan	nan	nan	nan
0.478	85	996	1	0.278992	0.266239	85	0	0.270742	0.302465	nan	-1	-1	-1	nan	nan	nan	nan	nan	nan	nan
0.479	85	993	1	0.278151	0.265437	85	0	0.269058	0.301149	nan	-1	-1	-1	nan	nan	nan	nan	nan	nan	nan
0.48	85	990	1	0.277311	0.264635	85	0	0.26878	0.300733	nan	-1	-1	-1	nan	nan	nan	nan	nan	nan	nan
0.481	85	986	1	0.27619	0.263566	85	0	0.267152	0.298949	nan	-1	-1	-1	nan	nan	nan	nan	nan	nan	nan
0.482	85	984	1	0.27563	0.263031	85	0	0.266466	0.298493	nan	-1	-1	-1	nan	nan	nan	nan	nan	nan	nan
0.483	85	980	1	0.27451	0.261962	85	0	0.265224	0.29702	nan	-1	-1	-1	nan	nan	nan	nan	nan	nan	nan
0.485	85	979	1	0.27423	0.261695	85	0	0.264445	0.296218	nan	-1	-1	-1	nan	nan	nan	nan	nan	nan	nan
0.486	85	977	1	0.273669	0.26116	85	0	0.263753	0.295371	nan	-1	-1	-1	nan	nan	nan	nan	nan	nan	nan
0.487	85	972	1	0.272269	0.259824	85	0	0.263324	0.295158	nan	-1	-1	-1	nan	nan	nan	nan	nan	nan	nan
0.488	85	967	1	0.270868	0.258487	85	0	0.263139	0.295262	nan	-1	-1	-1	nan	nan	nan	nan	nan	nan	nan
0.489	85	965	1	0.270308	0.257952	85	0	0.262386	0.294814	nan	-1	-1	-1	nan	nan	nan	nan	nan	nan	nan
0.49	85	964	1	0.270028	0.257685	85	0	0.260942	0.293461	nan	-1	-1	-1	nan	nan	nan	nan	nan	nan	nan
0.491	85	961	1	0.269188	0.256883	85	0	0.259356	0.292279	nan	-1	-1	-1	nan	nan	nan	nan	nan	nan	nan
0.492	85	960	1	0.268908	0.256616	85	0	0.25951	0.292449	nan	-1	-1	-1	nan	nan	nan	nan	nan	nan	nan
0.493	85	956	1	0.267787	0.255547	85	0	0.258308	0.290973	nan	-1	-1	-1	nan	nan	nan	nan	nan	nan	nan
0.494	85	952	1	0.266667	0.254477	85	0	0.257295	0.290045	nan	-1	-1	-1	nan	nan	nan	nan	nan	nan	nan
0.495	85	951	1	0.266387	0.25421	85	0	0.257053	0.289599	nan	-1	-1	-1	nan	nan	nan	nan	nan	nan	nan
0.496	85	949	1	0.265826	0.253675	85	0	0.256851	0.289717	nan	-1	-1	-1	nan	nan	nan	nan	nan	nan	nan
0.497	85	947	1	0.265266	0.253141	85	0	0.256749	0.290051	nan	-1	-1	-1	nan	nan	nan	nan	nan	nan	nan
0.498	85	946	1	0.264986	0.252874	85	0	0.256417	0.289397	nan	-1	-1	-1	nan	nan	nan	nan	nan	nan	nan
0.499	85	945	1	0.264706	0.252606	85	0	0.255775	0.288818	nan	-1	-1	-1	nan	nan	nan	nan	nan	nan	nan
0.5	85	944	1	0.264426	0.252339	85	0	0.255528	0.288727	nan	-1	-1	-1	nan	nan	nan	nan	nan	nan	nan
0.502	85	942	1	0.263866	0.251804	85	0	0.255649	0.288714	nan	-1	-1	-1	nan	nan	nan	nan	nan	nan	nan
0.503	85	940	1	0.263305	0.25127	85	0	0.255763	0.287991	nan	-1	-1	-1	nan	nan	nan	nan	nan	nan	nan
0.504	85	939	1	0.263025	0.251002	85	0	0.254982	0.287511	nan	-1	-1	-1	nan	nan	nan	nan	nan	nan	nan
0.505	85	936	1	0.262185	0.2502	85	0	0.254545	0.28728	nan	-1	-1	-1	nan	nan	nan	nan	nan	nan	nan
0.506	85	933	1	0.261345	0.249399	85	0	0.252143	0.286666	nan	-1	-1	-1	nan	nan	nan	nan	nan	nan	nan
0.507	85	931	1	0.260784	0.248864	85	0	0.251898	0.286662	nan	-1	-1	-1	nan	nan	nan	nan	nan	nan	nan
0.508	85	928	1	0.259944	0.248062	85	0	0.251477	0.286087	nan	-1	-1	-1	nan	nan	nan	nan	nan	nan	nan
0.509	85	927	1	0.259664	0.247795	85	0	0.251617	0.286309	nan	-1	-1	-1	nan	nan	nan	nan	nan	nan	nan
0.51	85	920	1	0.257703	0.245924	85	0	0.245095	0.281078	nan	-1	-1	-1	nan	nan	nan	nan	nan	nan	nan
0.511	85	918	1	0.257143	0.245389	85	0	0.245393	0.281533	nan	-1	-1	-1	nan	nan	nan	nan	nan	nan	nan
0.512	85	917	1	0.256863	0.245122	85	0	0.245231	0.281065	nan	-1	-1	-1	nan	nan	nan	nan	nan	nan	nan
0.513	85	915	1	0.256303	0.244587	85	0	0.244487	0.280306	nan	-1	-1	-1	nan	nan	nan	nan	nan	nan	nan
0.514	85	913	1	0.255742	0.244052	85	0	0.244443	0.280145	nan	-1	-1	-1	nan	nan	nan	nan	nan	nan	nan
0.515	85	911	1	0.255182	0.243518	85	0	0.243987	0.279568	nan	-1	-1	-1	nan	nan	nan	nan	nan	nan	nan
0.516	85	909	1	0.254622	0.242983	85	0	0.244152	0.279863	nan	-1	-1	-1	nan	nan	nan	nan	nan	nan	nan
0.517	85	906	1	0.253782	0.242181	85	0	0.243629	0.279397	nan	-1	-1	-1	nan	nan	nan	nan	nan	nan	nan
0.518	85	905	1	0.253501	0.241914	85	0	0.243236	0.278976	nan	-1	-1	-1	nan	nan	nan	nan	nan	nan	nan
0.519	85	903	1	0.252941	0.241379	85	0	0.243797	0.279676	nan	-1	-1	-1	nan	nan	nan	nan	nan	nan	nan
0.52	85	901	1	0.252381	0.240845	85	0	0.243771	0.279127	nan	-1	-1	-1	nan	nan	nan	nan	nan	nan	nan
0.521	85	899	1	0.251821	0.24031	85	0	0.242986	0.277992	nan	-1	-1	-1	nan	nan	nan	nan	nan	nan	nan
0.522	85	895	1	0.2507	0.239241	85	0	0.242289	0.278218	nan	-1	-1	-1	nan	nan	nan	nan	nan	nan	nan
0.523	85	892	1	0.24986	0.238439	85	0	0.242039	0.277954	nan	-1	-1	-1	nan	nan	nan	nan	nan	nan	nan
0.524	85	890	1	0.2493	0.237904	85	0	0.241004	0.277234	nan	-1	-1	-1	nan	nan	nan	nan	nan	nan	nan
0.525	85	887	1	0.248459	0.237102	85	0	0.238512	0.274934	nan	-1	-1	-1	nan	nan	nan	nan	nan	nan	nan
0.526	85	886	1	0.248179	0.236835	85	0	0.238008	0.274633	nan	-1	-1	-1	nan	nan	nan	nan	nan	nan	nan
0.527	85	884	1	0.247619	0.2363	85	0	0.236817	0.274117	nan	-1	-1	-1	nan	nan	nan	nan	nan	nan	nan
0.528	85	882	1	0.247059	0.235766	85	0	0.237091	0.274457	nan	-1	-1	-1	nan	nan	nan	nan	nan	nan	nan
0.529	85	880	1	0.246499	0.235231	85	0	0.237102	0.274592	nan	-1	-1	-1	nan	nan	nan	nan	nan	nan	nan
0.53	85	876	1	0.245378	0.234162	85	0	0.237075	0.274438	nan	-1	-1	-1	nan	nan	nan	nan	nan	nan	nan
0.531	85	875	1	0.245098	0.233895	85	0	0.236968	0.273765	nan	-1	-1	-1	nan	nan	nan	nan	nan	nan	nan
0.532	85	874	1	0.244818	0.233627	85	0	0.236805	0.273507	nan	-1	-1	-1	nan	nan	nan	nan	nan	nan	nan
0.533	85	873	1	0.244538	0.23336	85	0	0.237054	0.273678	nan	-1	-1	-1	nan	nan	nan	nan	nan	nan	nan
0.534	85	868	1	0.243137	0.232024	85	0	0.233232	0.270393	nan	-1	-1	-1	nan	nan	nan	nan	nan	nan	nan
0.535	85	867	1	0.242857	0.231756	85	0	0.233578	0.270679	nan	-1	-1	-1	nan	nan	nan	nan	nan	nan	nan
0.536	85	864	1	0.242017	0.230954	85	0	0.232587	0.269921	nan	-1	-1	-1	nan	nan	nan	nan	nan	nan	nan
0.537	85	862	1	0.241457	0.23042	85	0	0.23167	0.269564	nan	-1	-1	-1	nan	nan	nan	nan	nan	nan	nan
0.538	85	861	1	0.241176	0.230152	85	0	0.231371	0.268914	nan	-1	-1	-1	nan	nan	nan	nan	nan	nan	nan
0.539	85	858	1	0.240336	0.22935	85	0	0.231778	0.269242	nan	-1	-1	-1	nan	nan	nan	nan	nan	nan	nan
0.54	85	856	1	0.239776	0.228816	85	0	0.230825	0.268878	nan	-1	-1	-1	nan	nan	nan	nan	nan	nan	nan
0.541	85	853	1	0.238936	0.228014	85	0	0.230146	0.267889	nan	-1	-1	-1	nan	nan	nan	nan	nan	nan	nan
0.542	85	848	1	0.237535	0.226677	85	0	0.227239	0.265698	nan	-1	-1	-1	nan	nan	nan	nan	nan	nan	nan
0.543	85	847	1	0.237255	0.22641	85	0	0.227282	0.265677	nan	-1	-1	-1	nan	nan	nan	nan	nan	nan	nan
0.544	85	846	1	0.236975	0.226143	85	0	0.227264	0.265277	nan	-1	-1	-1	nan	nan	nan	nan	nan	nan	nan
0.545	85	845	1	0.236695	0.225875	85	0	0.227384	0.265484	nan	-1	-1	-1	nan	nan	nan	nan	nan	nan	nan
0.546	85	842	1	0.235854	0.225074	85	0	0.226972	0.265165	nan	-1	-1	-1	nan	nan	nan	nan	nan	nan	nan
0.547	85	839	1	0.235014	0.224272	85	0	0.22727	0.265455	nan	-1	-1	-1	nan	nan	nan	nan	nan	nan	nan
0.548	85	836	1	0.234174	0.22347	85	0	0.224981	0.263413	nan	-1	-1	-1	nan	nan	nan	nan	nan	nan	nan
0.549	85	833	1	0.233333	0.222668	85	0	0.224759	0.263245	nan	-1	-1	-1	nan	nan	nan	nan	nan	nan	nan
0.55	85	831	1	0.232773	0.222133	85	0	0.224689	0.263051	nan	-1	-1	-1	nan	nan	nan	nan	nan	nan	nan
0.551	85	828	1	0.231933	0.221331	85	0	0.224822	0.262769	nan	-1	-1	-1	nan	nan	nan	nan	nan	nan	nan
0.554	85	827	1	0.231653	0.221064	85	0	0.224477	0.26265	nan	-1	-1	-1	nan	nan	nan	nan	nan	nan	nan
0.555	85	823	1	0.230532	0.219995	85	0	0.222483	0.261561	nan	-1	-1	-1	nan	nan	nan	nan	nan	nan	nan
0.556	85	820	1	0.229692	0.219193	85	0	0.222479	0.261419	nan	-1	-1	-1	nan	nan	nan	nan	nan	nan	nan
0.557	85	819	1	0.229412	0.218925	85	0	0.221586	0.260458	nan	-1	-1	-1	nan	nan	nan	nan	nan	nan	nan
0.558	85	817	1	0.228852	0.218391	85	0	0.221313	0.260156	nan	-1	-1	-1	nan	nan	nan	nan	nan	nan	nan
0.559	85	815	1	0.228291	0.217856	85	0	0.220087	0.259223	nan	-1	-1	-1	nan	nan	nan	nan	nan	nan	nan
0.561	85	812	1	0.227451	0.217054	85	0	0.217901	0.257879	nan	-1	-1	-1	nan	nan	nan	nan	nan	nan	nan
0.562	85	809	1	0.226611	0.216252	85	0	0.217562	0.257578	nan	-1	-1	-1	nan	nan	nan	nan	nan	nan	nan
0.564	85	804	1	0.22521	0.214916	85	0	0.21579	0.256291	nan	-1	-1	-1	nan	nan	nan	nan	nan	nan	nan
0.565	85	803	1	0.22493	0.214648	85	0	0.215734	0.255986	nan	-1	-1	-1	nan	nan	nan	nan	nan	nan	nan
0.566	85	802	1	0.22465	0.214381	85	0	0.215293	0.255779	nan	-1	-1	-1	nan	nan	nan	nan	nan	nan	nan
0.567	85	801	1	0.22437	0.214114	85	0	0.215189	0.255567	nan	-1	-1	-1	nan	nan	nan	nan	nan	nan	nan
0.568	85	798	1	0.223529	0.213312	85	0	0.215134	0.255643	nan	-1	-1	-1	nan	nan	nan	nan	nan	nan	nan
0.569	85	795	1	0.222689	0.21251	85	0	0.21438	0.254411	nan	-1	-1	-1	nan	nan	nan	nan	nan	nan	nan
0.57	85	792	1	0.221849	0.211708	85	0	0.213904	0.253049	nan	-1	-1	-1	nan	nan	nan	nan	nan	nan	nan
0.571	85	791	1	0.221569	0.211441	85	0	0.213832	0.2529	nan	-1	-1	-1	nan	nan	nan	nan	nan	nan	nan
0.572	85	787	1	0.220448	0.210372	85	0	0.211472	0.251657	nan	-1	-1	-1	nan	nan	nan	nan	nan	nan	nan
0.573	85	784	1	0.219608	0.20957	85	0	0.209801	0.250374	nan	-1	-1	-1	nan	nan	nan	nan	nan	nan	nan
0.574	85	783	1	0.219328	0.209302	85	0	0.209826	0.250346	nan	-1	-1	-1	nan	nan	nan	nan	nan	nan	nan
0.575	85	780	1	0.218487	0.2085	85	0	0.209832	0.250709	nan	-1	-1	-1	nan	nan	nan	nan	nan	nan	nan
0.576	85	778	1	0.217927	0.207966	85	0	0.208998	0.250204	nan	-1	-1	-1	nan	nan	nan	nan	nan	nan	nan
0.577	85	776	1	0.217367	0.207431	85	0	0.20866	0.249854	nan	-1	-1	-1	nan	nan	nan	nan	nan	nan	nan
0.578	85	773	1	0.216527	0.206629	85	0	0.208401	0.25	nan	-1	-1	-1	nan	nan	nan	nan	nan	nan	nan
0.579	85	771	1	0.215966	0.206095	85	0	0.208336	0.247755	nan	-1	-1	-1	nan	nan	nan	nan	nan	nan	nan
0.58	85	770	1	0.215686	0.205827	85	0	0.20826	0.247794	nan	-1	-1	-1	nan	nan	nan	nan	nan	nan	nan
0.581	85	768	1	0.215126	0.205293	85	0	0.207158	0.246561	nan	-1	-1	-1	nan	nan	nan	nan	nan	nan	nan
0.582	85	766	1	0.214566	0.204758	85	0	0.206903	0.246322	nan	-1	-1	-1	nan	nan	nan	nan	nan	nan	nan
0.583	85	765	1	0.214286	0.204491	85	0	0.207129	0.246602	nan	-1	-1	-1	nan	nan	nan	nan	nan	nan	nan
0.584	85	764	1	0.214006	0.204223	85	0	0.206958	0.245872	nan	-1	-1	-1	nan	nan	nan	nan	nan	nan	nan
0.585	85	763	1	0.213725	0.203956	85	0	0.207044	0.245487	nan	-1	-1	-1	nan	nan	nan	nan	nan	nan	nan
0.587	85	762	1	0.213445	0.203689	85	0	0.206878	0.245555	nan	-1	-1	-1	nan	nan	nan	nan	nan	nan	nan
0.588	85	760	1	0.212885	0.203154	85	0	0.204529	0.243755	nan	-1	-1	-1	nan	nan	nan	nan	nan	nan	nan
0.589	85	758	1	0.212325	0.20262	85	0	0.203988	0.2427	nan	-1	-1	-1	nan	nan	nan	nan	nan	nan	nan
0.59	85	756	1	0.211765	0.202085	85	0	0.204143	0.243015	nan	-1	-1	-1	nan	nan	nan	nan	nan	nan	nan
0.592	85	755	1	0.211485	0.201818	85	0	0.204319	0.243094	nan	-1	-1	-1	nan	nan	nan	nan	nan	nan	nan
0.593	85	754	1	0.211204	0.20155	85	0	0.204632	0.242969	nan	-1	-1	-1	nan	nan	nan	nan	nan	nan	nan
0.594	85	750	1	0.210084	0.200481	85	0	0.203036	0.241315	nan	-1	-1	-1	nan	nan	nan	nan	nan	nan	nan
0.595	85	747	1	0.209244	0.199679	85	0	0.200456	0.239242	nan	-1	-1	-1	nan	nan	nan	nan	nan	nan	nan
0.596	85	746	1	0.208964	0.199412	85	0	0.200198	0.23909	nan	-1	-1	-1	nan	nan	nan	nan	nan	nan	nan
0.597	85	742	1	0.207843	0.198343	85	0	0.196945	0.237866	nan	-1	-1	-1	nan	nan	nan	nan	nan	nan	nan
0.598	85	737	1	0.206443	0.197006	85	0	0.192466	0.234249	nan	-1	-1	-1	nan	nan	nan	nan	nan	nan	nan
0.599	85	734	1	0.205602	0.196204	85	0	0.191051	0.233241	nan	-1	-1	-1	nan	nan	nan	nan	nan	nan	nan
0.6	85	732	1	0.205042	0.19567	85	0	0.189296	0.231906	nan	-1	-1	-1	nan	nan	nan	nan	nan	nan	nan
0.601	85	728	1	0.203922	0.1946	85	0	0.18808	0.231176	nan	-1	-1	-1	nan	nan	nan	nan	nan	nan	nan
0.602	85	727	1	0.203641	0.194333	85	0	0.187996	0.231147	nan	-1	-1	-1	nan	nan	nan	nan	nan	nan	nan
0.604	85	724	1	0.202801	0.193531	85	0	0.188279	0.231514	nan	-1	-1	-1	nan	nan	nan	nan	nan	nan	nan
0.605	85	723	1	0.202521	0.193264	85	0	0.187329	0.230647	nan	-1	-1	-1	nan	nan	nan	nan	nan	nan	nan
0.606	85	722	1	0.202241	0.192997	85	0	0.185504	0.229164	nan	-1	-1	-1	nan	nan	nan	nan	nan	nan	nan
0.608	85	720	1	0.201681	0.192462	85	0	0.183071	0.227482	nan	-1	-1	-1	nan	nan	nan	nan	nan	nan	nan
0.609	85	719	1	0.201401	0.192195	85	0	0.18278	0.227539	nan	-1	-1	-1	nan	nan	nan	nan	nan	nan	nan
0.61	85	715	1	0.20028	0.191125	85	0	0.181692	0.22664	nan	-1	-1	-1	nan	nan	nan	nan	nan	nan	nan
0.611	85	713	1	0.19972	0.190591	85	0	0.181746	0.227015	nan	-1	-1	-1	nan	nan	nan	nan	nan	nan	nan
0.612	85	711	1	0.19916	0.190056	85	0	0.181199	0.226488	nan	-1	-1	-1	nan	nan	nan	nan	nan	nan	nan
0.613	85	710	1	0.19888	0.189789	85	0	0.180984	0.226384	nan	-1	-1	-1	nan	nan	nan	nan	nan	nan	nan
0.614	85	706	1	0.197759	0.18872	85	0	0.178141	0.224249	nan	-1	-1	-1	nan	nan	nan	nan	nan	nan	nan
0.615	85	702	1	0.196639	0.18765	85	0	0.177315	0.223632	nan	-1	-1	-1	nan	nan	nan	nan	nan	nan	nan
0.616	85	700	1	0.196078	0.187116	85	0	0.177427	0.2237	nan	-1	-1	-1	nan	nan	nan	nan	nan	nan	nan
0.617	85	699	1	0.195798	0.186848	85	0	0.177017	0.223703	nan	-1	-1	-1	nan	nan	nan	nan	nan	nan	nan
0.618	85	695	1	0.194678	0.185779	85	0	0.175636	0.222794	nan	-1	-1	-1	nan	nan	nan	nan	nan	nan	nan
0.62	85	693	1	0.194118	0.185245	85	0	0.174831	0.221986	nan	-1	-1	-1	nan	nan	nan	nan	nan	nan	nan
0.622	85	690	1	0.193277	0.184443	85	0	0.174595	0.221001	nan	-1	-1	-1	nan	nan	nan	nan	nan	nan	nan
0.623	85	689	1	0.192997	0.184175	85	0	0.17433	0.221046	nan	-1	-1	-1	nan	nan	nan	nan	nan	nan	nan
0.624	85	684	1	0.191597	0.182839	85	0	0.173176	0.219948	nan	-1	-1	-1	nan	nan	nan	nan	nan	nan	nan
0.625	85	683	1	0.191317	0.182572	85	0	0.17335	0.219985	nan	-1	-1	-1	nan	nan	nan	nan	nan	nan	nan
0.626	85	682	1	0.191036	0.182304	85	0	0.173504	0.220067	nan	-1	-1	-1	nan	nan	nan	nan	nan	nan	nan
0.627	85	680	1	0.190476	0.18177	85	0	0.172893	0.219577	nan	-1	-1	-1	nan	nan	nan	nan	nan	nan	nan
0.628	85	677	1	0.189636	0.180968	85	0	0.171984	0.218771	nan	-1	-1	-1	nan	nan	nan	nan	nan	nan	nan
0.629	85	674	1	0.188796	0.180166	85	0	0.168871	0.217657	nan	-1	-1	-1	nan	nan	nan	nan	nan	nan	nan
0.632	85	670	1	0.187675	0.179096	85	0	0.167695	0.214609	nan	-1	-1	-1	nan	nan	nan	nan	nan	nan	nan
0.633	85	669	1	0.187395	0.178829	85	0	0.168132	0.214934	nan	-1	-1	-1	nan	nan	nan	nan	nan	nan	nan
0.634	85	667	1	0.186835	0.178295	85	0	0.168264	0.214612	nan	-1	-1	-1	nan	nan	nan	nan	nan	nan	nan
0.635	85	663	1	0.185714	0.177225	85	0	0.165696	0.212047	nan	-1	-1	-1	nan	nan	nan	nan	nan	nan	nan
0.636	85	660	1	0.184874	0.176423	85	0	0.161896	0.208692	nan	-1	-1	-1	nan	nan	nan	nan	nan	nan	nan
0.638	85	657	1	0.184034	0.175621	85	0	0.161494	0.207002	nan	-1	-1	-1	nan	nan	nan	nan	nan	nan	nan
0.639	85	654	1	0.183193	0.17482	85	0	0.159253	0.20461	nan	-1	-1	-1	nan	nan	nan	nan	nan	nan	nan
0.64	85	653	1	0.182913	0.174552	85	0	0.158987	0.2039	nan	-1	-1	-1	nan	nan	nan	nan	nan	nan	nan
0.641	85	650	1	0.182073	0.17375	85	0	0.159415	0.203673	nan	-1	-1	-1	nan	nan	nan	nan	nan	nan	nan
0.642	85	648	1	0.181513	0.173216	85	0	0.159522	0.204251	nan	-1	-1	-1	nan	nan	nan	nan	nan	nan	nan
0.643	85	646	1	0.180952	0.172681	85	0	0.160054	0.204255	nan	-1	-1	-1	nan	nan	nan	nan	nan	nan	nan
0.644	85	644	1	0.180392	0.172146	85	0	0.159087	0.203747	nan	-1	-1	-1	nan	nan	nan	nan	nan	nan	nan
0.645	85	642	1	0.179832	0.171612	85	0	0.158463	0.202943	nan	-1	-1	-1	nan	nan	nan	nan	nan	nan	nan
0.646	85	640	1	0.179272	0.171077	85	0	0.159266	0.203253	nan	-1	-1	-1	nan	nan	nan	nan	nan	nan	nan
0.647	85	639	1	0.178992	0.17081	85	0	0.158761	0.202836	nan	-1	-1	-1	nan	nan	nan	nan	nan	nan	nan
0.65	85	637	1	0.178431	0.170275	85	0	0.157959	0.202011	nan	-1	-1	-1	nan	nan	nan	nan	nan	nan	nan
0.651	85	634	1	0.177591	0.169473	85	0	0.15524	0.199202	nan	-1	-1	-1	nan	nan	nan	nan	nan	nan	nan
0.655	85	633	1	0.177311	0.169206	85	0	0.155598	0.199667	nan	-1	-1	-1	nan	nan	nan	nan	nan	nan	nan
0.656	85	631	1	0.176751	0.168671	85	0	0.155776	0.199933	nan	-1	-1	-1	nan	nan	nan	nan	nan	nan	nan
0.657	85	627	1	0.17563	0.167602	85	0	0.15619	0.199576	nan	-1	-1	-1	nan	nan	nan	nan	nan	nan	nan
0.659	85	626	1	0.17535	0.167335	85	0	0.156187	0.199626	nan	-1	-1	-1	nan	nan	nan	nan	nan	nan	nan
0.66	85	625	1	0.17507	0.167068	85	0	0.156342	0.199932	nan	-1	-1	-1	nan	nan	nan	nan	nan	nan	nan
0.661	85	621	1	0.17395	0.165998	85	0	0.153564	0.196581	nan	-1	-1	-1	nan	nan	nan	nan	nan	nan	nan
0.662	85	619	1	0.173389	0.165464	85	0	0.15303	0.195975	nan	-1	-1	-1	nan	nan	nan	nan	nan	nan	nan
0.663	85	618	1	0.173109	0.165196	85	0	0.148502	0.192408	nan	-1	-1	-1	nan	nan	nan	nan	nan	nan	nan
0.665	85	616	1	0.172549	0.164662	85	0	0.147712	0.190861	nan	-1	-1	-1	nan	nan	nan	nan	nan	nan	nan
0.666	85	615	1	0.172269	0.164395	85	0	0.147524	0.191034	nan	-1	-1	-1	nan	nan	nan	nan	nan	nan	nan
0.667	85	612	1	0.171429	0.163593	85	0	0.147313	0.190873	nan	-1	-1	-1	nan	nan	nan	nan	nan	nan	nan
0.668	85	610	1	0.170868	0.163058	85	0	0.146682	0.190154	nan	-1	-1	-1	nan	nan	nan	nan	nan	nan	nan
0.669	85	608	1	0.170308	0.162523	85	0	0.146503	0.189683	nan	-1	-1	-1	nan	nan	nan	nan	nan	nan	nan
0.67	85	606	1	0.169748	0.161989	85	0	0.145213	0.189119	nan	-1	-1	-1	nan	nan	nan	nan	nan	nan	nan
0.672	85	605	1	0.169468	0.161721	85	0	0.145501	0.189548	nan	-1	-1	-1	nan	nan	nan	nan	nan	nan	nan
0.673	85	604	1	0.169188	0.161454	85	0	0.144695	0.188876	nan	-1	-1	-1	nan	nan	nan	nan	nan	nan	nan
0.674	85	601	1	0.168347	0.160652	85	0	0.144322	0.188731	nan	-1	-1	-1	nan	nan	nan	nan	nan	nan	nan
0.675	85	598	1	0.167507	0.15985	85	0	0.143891	0.188257	nan	-1	-1	-1	nan	nan	nan	nan	nan	nan	nan
0.677	85	594	1	0.166387	0.158781	85	0	0.141283	0.183993	nan	-1	-1	-1	nan	nan	nan	nan	nan	nan	nan
0.679	85	592	1	0.165826	0.158246	85	0	0.14117	0.183307	nan	-1	-1	-1	nan	nan	nan	nan	nan	nan	nan
0.68	85	589	1	0.164986	0.157445	85	0	0.141939	0.181861	nan	-1	-1	-1	nan	nan	nan	nan	nan	nan	nan
0.681	85	587	1	0.164426	0.15691	85	0	0.142309	0.181439	nan	-1	-1	-1	nan	nan	nan	nan	nan	nan	nan
0.683	85	586	1	0.164146	0.156643	85	0	0.141974	0.181128	nan	-1	-1	-1	nan	nan	nan	nan	nan	nan	nan
0.684	85	584	1	0.163585	0.156108	85	0	0.140426	0.181914	nan	-1	-1	-1	nan	nan	nan	nan	nan	nan	nan
0.686	85	580	1	0.162465	0.155039	85	0	0.136638	0.17942	nan	-1	-1	-1	nan	nan	nan	nan	nan	nan	nan
0.687	85	572	1	0.160224	0.1529	85	0	0.132331	0.177118	nan	-1	-1	-1	nan	nan	nan	nan	nan	nan	nan
0.688	85	569	1	0.159384	0.152098	85	0	0.131767	0.176435	nan	-1	-1	-1	nan	nan	nan	nan	nan	nan	nan
0.689	85	567	1	0.158824	0.151564	85	0	0.131228	0.176168	nan	-1	-1	-1	nan	nan	nan	nan	nan	nan	nan
0.69	85	566	1	0.158543	0.151296	85	0	0.129271	0.174164	nan	-1	-1	-1	nan	nan	nan	nan	nan	nan	nan
0.691	85	562	1	0.157423	0.150227	85	0	0.130342	0.173704	nan	-1	-1	-1	nan	nan	nan	nan	nan	nan	nan
0.692	85	559	1	0.156583	0.149425	85	0	0.129384	0.172773	nan	-1	-1	-1	nan	nan	nan	nan	nan	nan	nan
0.693	85	555	1	0.155462	0.148356	85	0	0.12963	0.172927	nan	-1	-1	-1	nan	nan	nan	nan	nan	nan	nan
0.694	85	553	1	0.154902	0.147821	85	0	0.129069	0.17266	nan	-1	-1	-1	nan	nan	nan	nan	nan	nan	nan
0.695	85	552	1	0.154622	0.147554	85	0	0.129146	0.172871	nan	-1	-1	-1	nan	nan	nan	nan	nan	nan	nan
0.696	85	550	1	0.154062	0.14702	85	0	0.128965	0.172876	nan	-1	-1	-1	nan	nan	nan	nan	nan	nan	nan
0.697	85	548	1	0.153501	0.146485	85	0	0.128513	0.172149	nan	-1	-1	-1	nan	nan	nan	nan	nan	nan	nan
0.698	85	545	1	0.152661	0.145683	85	0	0.127537	0.170968	nan	-1	-1	-1	nan	nan	nan	nan	nan	nan	nan
0.699	85	543	1	0.152101	0.145148	85	0	0.127735	0.171494	nan	-1	-1	-1	nan	nan	nan	nan	nan	nan	nan
0.7	85	542	1	0.151821	0.144881	85	0	0.126988	0.171121	nan	-1	-1	-1	nan	nan	nan	nan	nan	nan	nan
0.701	85	540	1	0.151261	0.144346	85	0	0.125851	0.169291	nan	-1	-1	-1	nan	nan	nan	nan	nan	nan	nan
0.703	85	538	1	0.1507	0.143812	85	0	0.124565	0.168206	nan	-1	-1	-1	nan	nan	nan	nan	nan	nan	nan
0.704	85	536	1	0.15014	0.143277	85	0	0.123755	0.166685	nan	-1	-1	-1	nan	nan	nan	nan	nan	nan	nan
0.705	85	534	1	0.14958	0.142743	85	0	0.124436	0.167297	nan	-1	-1	-1	nan	nan	nan	nan	nan	nan	nan
0.706	85	532	1	0.14902	0.142208	85	0	0.123838	0.165175	nan	-1	-1	-1	nan	nan	nan	nan	nan	nan	nan
0.708	85	530	1	0.148459	0.141673	85	0	0.12397	0.165221	nan	-1	-1	-1	nan	nan	nan	nan	nan	nan	nan
0.709	85	528	1	0.147899	0.141139	85	0	0.123205	0.164775	nan	-1	-1	-1	nan	nan	nan	nan	nan	nan	nan
0.71	84	527	1	0.151176	0.140871	84	0	0.12326	0.165376	nan	-1	-1	-1	nan	nan	nan	nan	nan	nan	nan
0.711	84	526	1	0.150889	0.140604	84	0	0.122635	0.163505	nan	-1	-1	-1	nan	nan	nan	nan	nan	nan	nan
0.712	84	525	1	0.150602	0.140337	84	0	0.122954	0.16388	nan	-1	-1	-1	nan	nan	nan	nan	nan	nan	nan
0.713	84	524	1	0.150316	0.14007	84	0	0.122692	0.163774	nan	-1	-1	-1	nan	nan	nan	nan	nan	nan	nan
0.714	84	522	1	0.149742	0.139535	84	0	0.123349	0.16368	nan	-1	-1	-1	nan	nan	nan	nan	nan	nan	nan
0.715	84	521	1	0.149455	0.139268	84	0	0.123161	0.163908	nan	-1	-1	-1	nan	nan	nan	nan	nan	nan	nan
0.716	84	520	1	0.149168	0.139	84	0	0.123269	0.163472	nan	-1	-1	-1	nan	nan	nan	nan	nan	nan	nan
0.717	84	519	1	0.148881	0.138733	84	0	0.123339	0.163605	nan	-1	-1	-1	nan	nan	nan	nan	nan	nan	nan
0.718	84	518	1	0.148594	0.138466	84	0	0.123679	0.164082	nan	-1	-1	-1	nan	nan	nan	nan	nan	nan	nan
0.719	84	514	1	0.147447	0.137396	84	0	0.122485	0.159967	nan	-1	-1	-1	nan	nan	nan	nan	nan	nan	nan
0.72	84	512	1	0.146873	0.136862	84	0	0.122643	0.160076	nan	-1	-1	-1	nan	nan	nan	nan	nan	nan	nan
0.721	84	510	1	0.146299	0.136327	84	0	0.121359	0.159502	nan	-1	-1	-1	nan	nan	nan	nan	nan	nan	nan
0.722	84	507	1	0.145439	0.135525	84	0	0.121375	0.158507	nan	-1	-1	-1	nan	nan	nan	nan	nan	nan	nan
0.724	84	506	1	0.145152	0.135258	84	0	0.121524	0.158413	nan	-1	-1	-1	nan	nan	nan	nan	nan	nan	nan
0.725	84	503	1	0.144291	0.134456	84	0	0.119739	0.156945	nan	-1	-1	-1	nan	nan	nan	nan	nan	nan	nan
0.726	84	502	1	0.144005	0.134189	84	0	0.11984	0.156612	nan	-1	-1	-1	nan	nan	nan	nan	nan	nan	nan
0.728	84	499	1	0.143144	0.133387	84	0	0.117489	0.155288	nan	-1	-1	-1	nan	nan	nan	nan	nan	nan	nan
0.73	84	496	1	0.142283	0.132585	84	0	0.115797	0.153788	nan	-1	-1	-1	nan	nan	nan	nan	nan	nan	nan
0.731	84	494	1	0.14171	0.13205	84	0	0.115227	0.152677	nan	-1	-1	-1	nan	nan	nan	nan	nan	nan	nan
0.733	84	492	1	0.141136	0.131516	84	0	0.114924	0.1526	nan	-1	-1	-1	nan	nan	nan	nan	nan	nan	nan
0.734	84	490	1	0.140562	0.130981	84	0	0.115356	0.152801	nan	-1	-1	-1	nan	nan	nan	nan	nan	nan	nan
0.735	84	488	1	0.139989	0.130446	84	0	0.115181	0.151589	nan	-1	-1	-1	nan	nan	nan	nan	nan	nan	nan
0.736	84	483	1	0.138554	0.12911	84	0	0.113784	0.150717	nan	-1	-1	-1	nan	nan	nan	nan	nan	nan	nan
0.737	84	481	1	0.13798	0.128575	84	0	0.10706	0.143604	nan	-1	-1	-1	nan	nan	nan	nan	nan	nan	nan
0.738	84	476	1	0.136546	0.127239	84	0	0.107981	0.144315	nan	-1	-1	-1	nan	nan	nan	nan	nan	nan	nan
0.739	84	473	1	0.135686	0.126437	84	0	0.108567	0.144501	nan	-1	-1	-1	nan	nan	nan	nan	nan	nan	nan
0.74	84	472	1	0.135399	0.126169	84	0	0.108558	0.144641	nan	-1	-1	-1	nan	nan	nan	nan	nan	nan	nan
0.741	84	471	1	0.135112	0.125902	84	0	0.107058	0.143725	nan	-1	-1	-1	nan	nan	nan	nan	nan	nan	nan
0.742	84	466	1	0.133678	0.124566	84	0	0.106595	0.141509	nan	-1	-1	-1	nan	nan	nan	nan	nan	nan	nan
0.743	84	464	1	0.133104	0.124031	84	0	0.103983	0.139188	nan	-1	-1	-1	nan	nan	nan	nan	nan	nan	nan
0.744	84	463	1	0.132817	0.123764	84	0	0.103871	0.139139	nan	-1	-1	-1	nan	nan	nan	nan	nan	nan	nan
0.745	84	460	1	0.131956	0.122962	84	0	0.103234	0.138604	nan	-1	-1	-1	nan	nan	nan	nan	nan	nan	nan
0.746	84	458	1	0.131383	0.122427	84	0	0.101128	0.135051	nan	-1	-1	-1	nan	nan	nan	nan	nan	nan	nan
0.747	84	455	1	0.130522	0.121625	84	0	0.0989429	0.133629	nan	-1	-1	-1	nan	nan	nan	nan	nan	nan	nan
0.748	84	452	1	0.129662	0.120823	84	0	0.0974498	0.133739	nan	-1	-1	-1	nan	nan	nan	nan	nan	nan	nan
0.749	84	451	1	0.129375	0.120556	84	0	0.0978681	0.134302	nan	-1	-1	-1	nan	nan	nan	nan	nan	nan	nan
0.752	84	448	1	0.128514	0.119754	84	0	0.0959378	0.133011	nan	-1	-1	-1	nan	nan	nan	nan	nan	nan	nan
0.753	84	447	1	0.128227	0.119487	84	0	0.0957954	0.132541	nan	-1	-1	-1	nan	nan	nan	nan	nan	nan	nan
0.754	84	446	1	0.12794	0.119219	84	0	0.096087	0.132911	nan	-1	-1	-1	nan	nan	nan	nan	nan	nan	nan
0.755	84	444	1	0.127367	0.118685	84	0	0.0966754	0.133274	nan	-1	-1	-1	nan	nan	nan	nan	nan	nan	nan
0.756	84	442	1	0.126793	0.11815	84	0	0.0946303	0.130959	nan	-1	-1	-1	nan	nan	nan	nan	nan	nan	nan
0.758	84	440	1	0.126219	0.117616	84	0	0.0944987	0.130591	nan	-1	-1	-1	nan	nan	nan	nan	nan	nan	nan
0.759	84	439	1	0.125932	0.117348	84	0	0.0948071	0.130572	nan	-1	-1	-1	nan	nan	nan	nan	nan	nan	nan
0.76	84	436	1	0.125072	0.116546	84	0	0.0931733	0.130117	nan	-1	-1	-1	nan	nan	nan	nan	nan	nan	nan
0.762	84	434	1	0.124498	0.116012	84	0	0.0932127	0.130355	nan	-1	-1	-1	nan	nan	nan	nan	nan	nan	nan
0.763	84	433	1	0.124211	0.115744	84	0	0.0921889	0.129414	nan	-1	-1	-1	nan	nan	nan	nan	nan	nan	nan
0.764	83	430	1	0.126359	0.114943	83	0	0.0927505	0.126526	nan	-1	-1	-1	nan	nan	nan	nan	nan	nan	nan
0.765	83	428	1	0.125771	0.114408	83	0	0.0914802	0.125913	nan	-1	-1	-1	nan	nan	nan	nan	nan	nan	nan
0.766	83	427	1	0.125478	0.114141	83	0	0.0913425	0.125877	nan	-1	-1	-1	nan	nan	nan	nan	nan	nan	nan
0.767	83	425	1	0.12489	0.113606	83	0	0.0906415	0.125	nan	-1	-1	-1	nan	nan	nan	nan	nan	nan	nan
0.768	83	422	1	0.124008	0.112804	83	0	0.090155	0.125774	nan	-1	-1	-1	nan	nan	nan	nan	nan	nan	nan
0.77	83	420	1	0.123421	0.112269	83	0	0.0905786	0.126584	nan	-1	-1	-1	nan	nan	nan	nan	nan	nan	nan
0.772	83	419	1	0.123127	0.112002	83	0	0.0907651	0.126869	nan	-1	-1	-1	nan	nan	nan	nan	nan	nan	nan
0.775	83	418	1	0.122833	0.111735	83	0	0.0909813	0.126774	nan	-1	-1	-1	nan	nan	nan	nan	nan	nan	nan
0.776	83	417	1	0.122539	0.111468	83	0	0.0878963	0.123923	nan	-1	-1	-1	nan	nan	nan	nan	nan	nan	nan
0.778	83	416	1	0.122245	0.1112	83	0	0.0881078	0.124205	nan	-1	-1	-1	nan	nan	nan	nan	nan	nan	nan
0.779	83	415	1	0.121951	0.110933	83	0	0.0880361	0.12287	nan	-1	-1	-1	nan	nan	nan	nan	nan	nan	nan
0.781	82	409	2	0.123156	0.109329	80	2	0.089368	0.122992	nan	-1	-1	-1	nan	nan	nan	nan	nan	nan	nan
0.782	82	408	2	0.122855	0.109062	80	2	0.0886285	0.122377	nan	-1	-1	-1	nan	nan	nan	nan	nan	nan	nan
0.783	82	407	2	0.122553	0.108794	80	2	0.0879722	0.118807	nan	-1	-1	-1	nan	nan	nan	nan	nan	nan	nan
0.784	82	404	2	0.12165	0.107993	80	2	0.0869201	0.117056	nan	-1	-1	-1	nan	nan	nan	nan	nan	nan	nan
0.785	82	402	2	0.121048	0.107458	80	2	0.0875358	0.117405	nan	-1	-1	-1	nan	nan	nan	nan	nan	nan	nan
0.786	80	399	1	0.126266	0.106656	80	0	0.0880407	0.118033	nan	-1	-1	-1	nan	nan	nan	nan	nan	nan	nan
0.788	80	398	1	0.125949	0.106389	80	0	0.0881604	0.118237	nan	-1	-1	-1	nan	nan	nan	nan	nan	nan	nan
0.789	80	397	1	0.125633	0.106121	80	0	0.0879645	0.117606	nan	-1	-1	-1	nan	nan	nan	nan	nan	nan	nan
0.793	80	395	1	0.125	0.105587	80	0	0.0874336	0.117196	nan	-1	-1	-1	nan	nan	nan	nan	nan	nan	nan
0.794	80	390	1	0.123418	0.10425	80	0	0.0862219	0.115937	nan	-1	-1	-1	nan	nan	nan	nan	nan	nan	nan
0.796	80	386	1	0.122152	0.103181	80	0	0.0807938	0.111973	nan	-1	-1	-1	nan	nan	nan	nan	nan	nan	nan
0.797	80	384	1	0.121519	0.102646	80	0	0.0804577	0.111981	nan	-1	-1	-1	nan	nan	nan	nan	nan	nan	nan
0.799	80	383	1	0.121203	0.102379	80	0	0.0807175	0.112349	nan	-1	-1	-1	nan	nan	nan	nan	nan	nan	nan
0.8	80	381	1	0.12057	0.101844	80	0	0.0806277	0.112948	nan	-1	-1	-1	nan	nan	nan	nan	nan	nan	nan
0.801	80	378	1	0.11962	0.101043	80	0	0.0786742	0.111214	nan	-1	-1	-1	nan	nan	nan	nan	nan	nan	nan
0.803	80	376	1	0.118987	0.100508	80	0	0.0791789	0.109783	nan	-1	-1	-1	nan	nan	nan	nan	nan	nan	nan
0.804	80	375	1	0.118671	0.100241	80	0	0.0790638	0.108732	nan	-1	-1	-1	nan	nan	nan	nan	nan	nan	nan
0.805	80	374	1	0.118354	0.0999733	80	0	0.0786099	0.108523	nan	-1	-1	-1	nan	nan	nan	nan	nan	nan	nan
0.806	80	371	1	0.117405	0.0991713	80	0	0.0751412	0.106011	nan	-1	-1	-1	nan	nan	nan	nan	nan	nan	nan
0.808	79	369	1	0.119766	0.0986367	79	0	0.0737938	0.104846	nan	-1	-1	-1	nan	nan	nan	nan	nan	nan	nan
0.809	79	368	1	0.119442	0.0983694	79	0	0.0717131	0.102807	nan	-1	-1	-1	nan	nan	nan	nan	nan	nan	nan
0.811	79	367	1	0.119117	0.0981021	79	0	0.0702589	0.102584	nan	-1	-1	-1	nan	nan	nan	nan	nan	nan	nan
0.813	79	366	1	0.118793	0.0978348	79	0	0.0704871	0.102884	nan	-1	-1	-1	nan	nan	nan	nan	nan	nan	nan
0.814	79	365	1	0.118468	0.0975675	79	0	0.0711257	0.103225	nan	-1	-1	-1	nan	nan	nan	nan	nan	nan	nan
0.815	79	363	1	0.117819	0.0970329	79	0	0.0716366	0.103407	nan	-1	-1	-1	nan	nan	nan	nan	nan	nan	nan
0.816	79	362	1	0.117494	0.0967656	79	0	0.0712894	0.103757	nan	-1	-1	-1	nan	nan	nan	nan	nan	nan	nan
0.817	79	361	1	0.11717	0.0964983	79	0	0.0713729	0.103943	nan	-1	-1	-1	nan	nan	nan	nan	nan	nan	nan
0.818	79	359	1	0.116521	0.0959636	79	0	0.0713023	0.103552	nan	-1	-1	-1	nan	nan	nan	nan	nan	nan	nan
0.819	79	357	1	0.115871	0.095429	79	0	0.0713154	0.102107	nan	-1	-1	-1	nan	nan	nan	nan	nan	nan	nan
0.82	79	356	1	0.115547	0.0951617	79	0	0.0705039	0.101405	nan	-1	-1	-1	nan	nan	nan	nan	nan	nan	nan
0.821	79	354	1	0.114898	0.0946271	79	0	0.0689377	0.100846	nan	-1	-1	-1	nan	nan	nan	nan	nan	nan	nan
0.822	79	353	1	0.114573	0.0943598	79	0	0.0690073	0.10097	nan	-1	-1	-1	nan	nan	nan	nan	nan	nan	nan
0.823	79	351	1	0.113924	0.0938252	79	0	0.0688744	0.100312	nan	-1	-1	-1	nan	nan	nan	nan	nan	nan	nan
0.826	79	349	1	0.113275	0.0932906	79	0	0.0689797	0.0995171	nan	-1	-1	-1	nan	nan	nan	nan	nan	nan	nan
0.827	79	348	1	0.11295	0.0930233	79	0	0.0680693	0.0986925	nan	-1	-1	-1	nan	nan	nan	nan	nan	nan	nan
0.829	78	347	1	0.115551	0.0927559	78	0	0.0682664	0.0989638	nan	-1	-1	-1	nan	nan	nan	nan	nan	nan	nan
0.83	78	346	1	0.115218	0.0924886	78	0	0.0678564	0.0986214	nan	-1	-1	-1	nan	nan	nan	nan	nan	nan	nan
0.831	78	344	1	0.114552	0.091954	78	0	0.0667506	0.0978541	nan	-1	-1	-1	nan	nan	nan	nan	nan	nan	nan
0.832	77	343	1	0.117225	0.0916867	77	0	0.0668067	0.0979802	nan	-1	-1	-1	nan	nan	nan	nan	nan	nan	nan
0.833	77	342	1	0.116883	0.0914194	77	0	0.0669756	0.0982335	nan	-1	-1	-1	nan	nan	nan	nan	nan	nan	nan
0.834	77	340	1	0.1162	0.0908848	77	0	0.0673729	0.0989154	nan	-1	-1	-1	nan	nan	nan	nan	nan	nan	nan
0.835	77	337	1	0.115174	0.0900829	77	0	0.0664659	0.0989881	nan	-1	-1	-1	nan	nan	nan	nan	nan	nan	nan
0.836	77	335	1	0.114491	0.0895482	77	0	0.0636344	0.0959302	nan	-1	-1	-1	nan	nan	nan	nan	nan	nan	nan
0.838	77	334	1	0.114149	0.0892809	77	0	0.0638438	0.0948856	nan	-1	-1	-1	nan	nan	nan	nan	nan	nan	nan
0.839	77	333	1	0.113807	0.0890136	77	0	0.0621282	0.0932432	nan	-1	-1	-1	nan	nan	nan	nan	nan	nan	nan
0.843	77	330	1	0.112782	0.0882117	77	0	0.0601069	0.0935366	nan	-1	-1	-1	nan	nan	nan	nan	nan	nan	nan
0.845	77	328	1	0.112098	0.0876771	77	0	0.0606742	0.09375	nan	-1	-1	-1	nan	nan	nan	nan	nan	nan	nan
0.847	77	326	1	0.111415	0.0871425	77	0	0.0594398	0.0935754	nan	-1	-1	-1	nan	nan	nan	nan	nan	nan	nan
0.849	76	324	1	0.113684	0.0866079	76	0	0.0589849	0.0935522	nan	-1	-1	-1	nan	nan	nan	nan	nan	nan	nan
0.85	76	322	1	0.112982	0.0860732	76	0	0.0572545	0.0912521	nan	-1	-1	-1	nan	nan	nan	nan	nan	nan	nan
0.852	76	320	1	0.112281	0.0855386	76	0	0.0576656	0.0918803	nan	-1	-1	-1	nan	nan	nan	nan	nan	nan	nan
0.853	76	318	1	0.111579	0.085004	76	0	0.0574632	0.091932	nan	-1	-1	-1	nan	nan	nan	nan	nan	nan	nan
0.854	76	317	1	0.111228	0.0847367	76	0	0.05776	0.0916968	nan	-1	-1	-1	nan	nan	nan	nan	nan	nan	nan
0.855	76	315	1	0.110526	0.0842021	76	0	0.0573654	0.0908871	nan	-1	-1	-1	nan	nan	nan	nan	nan	nan	nan
0.856	76	314	1	0.110175	0.0839348	76	0	0.0575148	0.0911743	nan	-1	-1	-1	nan	nan	nan	nan	nan	nan	nan
0.857	76	313	1	0.109825	0.0836675	76	0	0.0569936	0.0914411	nan	-1	-1	-1	nan	nan	nan	nan	nan	nan	nan
0.858	76	311	1	0.109123	0.0831329	76	0	0.0566038	0.0918892	nan	-1	-1	-1	nan	nan	nan	nan	nan	nan	nan
0.859	76	309	1	0.108421	0.0825982	76	0	0.0548341	0.0910212	nan	-1	-1	-1	nan	nan	nan	nan	nan	nan	nan
0.86	76	306	1	0.107368	0.0817963	76	0	0.0538443	0.0910448	nan	-1	-1	-1	nan	nan	nan	nan	nan	nan	nan
0.861	76	305	1	0.107018	0.081529	76	0	0.0533106	0.0905689	nan	-1	-1	-1	nan	nan	nan	nan	nan	nan	nan
0.863	76	302	1	0.105965	0.0807271	76	0	0.0513393	0.0883922	nan	-1	-1	-1	nan	nan	nan	nan	nan	nan	nan
0.864	76	301	1	0.105614	0.0804598	76	0	0.0514669	0.0886624	nan	-1	-1	-1	nan	nan	nan	nan	nan	nan	nan
0.867	76	300	1	0.105263	0.0801925	76	0	0.0516725	0.0890026	nan	-1	-1	-1	nan	nan	nan	nan	nan	nan	nan
0.868	76	298	1	0.104561	0.0796578	76	0	0.0513983	0.0890093	nan	-1	-1	-1	nan	nan	nan	nan	nan	nan	nan
0.869	76	297	1	0.104211	0.0793905	76	0	0.0516848	0.089471	nan	-1	-1	-1	nan	nan	nan	nan	nan	nan	nan
0.87	76	296	1	0.10386	0.0791232	76	0	0.0519613	0.0899609	nan	-1	-1	-1	nan	nan	nan	nan	nan	nan	nan
0.871	76	295	1	0.103509	0.0788559	76	0	0.0521739	0.0903141	nan	-1	-1	-1	nan	nan	nan	nan	nan	nan	nan
0.872	76	293	1	0.102807	0.0783213	76	0	0.0514821	0.0894569	nan	-1	-1	-1	nan	nan	nan	nan	nan	nan	nan
0.873	76	291	1	0.102105	0.0777867	76	0	0.0513023	0.0880927	nan	-1	-1	-1	nan	nan	nan	nan	nan	nan	nan
0.874	76	290	1	0.101754	0.0775194	76	0	0.0514784	0.0876149	nan	-1	-1	-1	nan	nan	nan	nan	nan	nan	nan
0.876	76	289	1	0.101404	0.0772521	76	0	0.051601	0.0878287	nan	-1	-1	-1	nan	nan	nan	nan	nan	nan	nan
0.877	76	288	1	0.101053	0.0769848	76	0	0.0517928	0.0881393	nan	-1	-1	-1	nan	nan	nan	nan	nan	nan	nan
0.878	76	286	1	0.100351	0.0764501	76	0	0.0493129	0.0851944	nan	-1	-1	-1	nan	nan	nan	nan	nan	nan	nan
0.879	76	285	1	0.1	0.0761828	76	0	0.048953	0.0851182	nan	-1	-1	-1	nan	nan	nan	nan	nan	nan	nan
0.88	75	284	1	0.102342	0.0759155	75	0	0.0490063	0.0844246	nan	-1	-1	-1	nan	nan	nan	nan	nan	nan	nan
0.881	75	282	1	0.101622	0.0753809	75	0	0.0495186	0.0854243	nan	-1	-1	-1	nan	nan	nan	nan	nan	nan	nan
0.882	75	281	1	0.101261	0.0751136	75	0	0.048868	0.0848416	nan	-1	-1	-1	nan	nan	nan	nan	nan	nan	nan
0.884	75	280	1	0.100901	0.0748463	75	0	0.0482395	0.084351	nan	-1	-1	-1	nan	nan	nan	nan	nan	nan	nan
0.885	75	279	1	0.100541	0.074579	75	0	0.047926	0.08441	nan	-1	-1	-1	nan	nan	nan	nan	nan	nan	nan
0.887	75	278	1	0.10018	0.0743117	75	0	0.0484008	0.0843968	nan	-1	-1	-1	nan	nan	nan	nan	nan	nan	nan
0.888	75	277	1	0.0998198	0.0740444	75	0	0.048552	0.083794	nan	-1	-1	-1	nan	nan	nan	nan	nan	nan	nan
0.89	75	276	1	0.0994595	0.0737771	75	0	0.0486902	0.0839405	nan	-1	-1	-1	nan	nan	nan	nan	nan	nan	nan
0.893	74	274	1	0.101444	0.0732424	74	0	0.0494363	0.0843694	nan	-1	-1	-1	nan	nan	nan	nan	nan	nan	nan
0.895	74	273	1	0.101074	0.0729751	74	0	0.0470247	0.0820696	nan	-1	-1	-1	nan	nan	nan	nan	nan	nan	nan
0.896	74	270	1	0.099963	0.0721732	74	0	0.0467235	0.0811786	nan	-1	-1	-1	nan	nan	nan	nan	nan	nan	nan
0.897	74	269	1	0.0995927	0.0719059	74	0	0.0460721	0.0806647	nan	-1	-1	-1	nan	nan	nan	nan	nan	nan	nan
0.899	74	267	1	0.0988523	0.0713713	74	0	0.0440515	0.0790441	nan	-1	-1	-1	nan	nan	nan	nan	nan	nan	nan
0.9	74	263	1	0.0973713	0.0703021	74	0	0.0437291	0.0792664	nan	-1	-1	-1	nan	nan	nan	nan	nan	nan	nan
0.901	74	262	1	0.0970011	0.0700348	74	0	0.0438223	0.0794888	nan	-1	-1	-1	nan	nan	nan	nan	nan	nan	nan
0.902	74	260	1	0.0962606	0.0695001	74	0	0.0426057	0.0786979	nan	-1	-1	-1	nan	nan	nan	nan	nan	nan	nan
0.903	74	259	1	0.0958904	0.0692328	74	0	0.0428305	0.0790727	nan	-1	-1	-1	nan	nan	nan	nan	nan	nan	nan
0.904	74	258	1	0.0955202	0.0689655	74	0	0.0429505	0.0792237	nan	-1	-1	-1	nan	nan	nan	nan	nan	nan	nan
0.905	74	257	1	0.0951499	0.0686982	74	0	0.0424795	0.0782105	nan	-1	-1	-1	nan	nan	nan	nan	nan	nan	nan
0.906	74	254	1	0.0940392	0.0678963	74	0	0.0429389	0.0791016	nan	-1	-1	-1	nan	nan	nan	nan	nan	nan	nan
0.907	74	252	1	0.0932988	0.0673617	74	0	0.0403717	0.0749261	nan	-1	-1	-1	nan	nan	nan	nan	nan	nan	nan
0.912	74	251	1	0.0929285	0.0670944	74	0	0.0405275	0.0752227	nan	-1	-1	-1	nan	nan	nan	nan	nan	nan	nan
0.914	74	250	1	0.0925583	0.0668271	74	0	0.0405666	0.0752972	nan	-1	-1	-1	nan	nan	nan	nan	nan	nan	nan
0.915	74	249	1	0.0921881	0.0665597	74	0	0.0408031	0.0747508	nan	-1	-1	-1	nan	nan	nan	nan	nan	nan	nan
0.917	74	248	1	0.0918178	0.0662924	74	0	0.0409091	0.074975	nan	-1	-1	-1	nan	nan	nan	nan	nan	nan	nan
0.919	74	246	1	0.0910774	0.0657578	74	0	0.0412574	0.0756048	nan	-1	-1	-1	nan	nan	nan	nan	nan	nan	nan
0.921	74	244	1	0.0903369	0.0652232	74	0	0.0405673	0.0740615	nan	-1	-1	-1	nan	nan	nan	nan	nan	nan	nan
0.924	74	243	1	0.0899667	0.0649559	74	0	0.0406746	0.0742373	nan	-1	-1	-1	nan	nan	nan	nan	nan	nan	nan
0.925	74	240	1	0.088856	0.064154	74	0	0.0374241	0.0725138	nan	-1	-1	-1	nan	nan	nan	nan	nan	nan	nan
0.926	74	239	1	0.0884857	0.0638867	74	0	0.0376144	0.0728661	nan	-1	-1	-1	nan	nan	nan	nan	nan	nan	nan
0.927	74	238	1	0.0881155	0.0636194	74	0	0.023892	0.0595956	nan	-1	-1	-1	nan	nan	nan	nan	nan	nan	nan
0.929	73	237	1	0.0901826	0.063352	73	0	0.0239334	0.059744	nan	-1	-1	-1	nan	nan	nan	nan	nan	nan	nan
0.931	73	236	1	0.0898021	0.0630847	73	0	0.024	0.0599144	nan	-1	-1	-1	nan	nan	nan	nan	nan	nan	nan
0.936	73	235	1	0.0894216	0.0628174	73	0	0.0230447	0.059034	nan	-1	-1	-1	nan	nan	nan	nan	nan	nan	nan
0.937	73	234	2	0.0890411	0.0625501	70	3	0.0232886	0.0596529	nan	-1	-1	-1	nan	nan	nan	nan	nan	nan	nan
0.938	73	233	2	0.0886606	0.0622828	70	3	0.0233546	0.059826	nan	-1	-1	-1	nan	nan	nan	nan	nan	nan	nan
0.939	73	230	2	0.087519	0.0614809	70	3	0.0226619	0.0580716	nan	-1	-1	-1	nan	nan	nan	nan	nan	nan	nan
0.94	73	229	2	0.0871385	0.0612136	70	3	0.0227601	0.0583272	nan	-1	-1	-1	nan	nan	nan	nan	nan	nan	nan
0.945	73	228	2	0.086758	0.0609463	70	3	0.0228178	0.0583486	nan	-1	-1	-1	nan	nan	nan	nan	nan	nan	nan
0.946	73	227	2	0.0863775	0.060679	70	3	0.0229091	0.058542	nan	-1	-1	-1	nan	nan	nan	nan	nan	nan	nan
0.947	73	226	2	0.085997	0.0604117	70	3	0.0219218	0.0577137	nan	-1	-1	-1	nan	nan	nan	nan	nan	nan	nan
0.95	73	225	2	0.0856164	0.0601443	70	3	0.02197	0.0578635	nan	-1	-1	-1	nan	nan	nan	nan	nan	nan	nan
0.952	73	224	2	0.0852359	0.059877	70	3	0.0220751	0.0581439	nan	-1	-1	-1	nan	nan	nan	nan	nan	nan	nan
0.953	72	221	2	0.0864632	0.0590751	69	3	0.019037	0.0575404	nan	-1	-1	-1	nan	nan	nan	nan	nan	nan	nan
0.955	72	220	2	0.086072	0.0588078	69	3	0.0190868	0.0576923	nan	-1	-1	-1	nan	nan	nan	nan	nan	nan	nan
0.957	72	219	2	0.0856808	0.0585405	69	3	0.0191729	0.0579326	nan	-1	-1	-1	nan	nan	nan	nan	nan	nan	nan
0.959	72	217	2	0.0848983	0.0580059	69	3	0.019436	0.0587558	nan	-1	-1	-1	nan	nan	nan	nan	nan	nan	nan
0.96	72	214	2	0.0837246	0.057204	69	3	0.0198521	0.0587774	nan	-1	-1	-1	nan	nan	nan	nan	nan	nan	nan
0.962	72	213	2	0.0833333	0.0569366	69	3	0.0189274	0.0583333	nan	-1	-1	-1	nan	nan	nan	nan	nan	nan	nan
0.965	72	212	2	0.0829421	0.0566693	69	3	0.0189873	0.0584726	nan	-1	-1	-1	nan	nan	nan	nan	nan	nan	nan
0.966	72	211	2	0.0825509	0.056402	69	3	0.0191007	0.0588235	nan	-1	-1	-1	nan	nan	nan	nan	nan	nan	nan
0.968	72	209	2	0.0817684	0.0558674	69	3	0.0193004	0.0570388	nan	-1	-1	-1	nan	nan	nan	nan	nan	nan	nan
0.969	72	208	2	0.0813772	0.0556001	69	3	0.014664	0.0528905	nan	-1	-1	-1	nan	nan	nan	nan	nan	nan	nan
0.97	72	207	2	0.0809859	0.0553328	69	3	0.0148392	0.0535492	nan	-1	-1	-1	nan	nan	nan	nan	nan	nan	nan
0.971	72	206	2	0.0805947	0.0550655	69	3	0.015025	0.0541789	nan	-1	-1	-1	nan	nan	nan	nan	nan	nan	nan
0.972	72	205	2	0.0802034	0.0547982	69	3	0.0152284	0.0548936	nan	-1	-1	-1	nan	nan	nan	nan	nan	nan	nan
0.973	71	204	2	0.0820926	0.0545309	68	3	0.0152672	0.0550341	nan	-1	-1	-1	nan	nan	nan	nan	nan	nan	nan
0.975	71	203	2	0.0816901	0.0542636	68	3	0.0153061	0.0502146	nan	-1	-1	-1	nan	nan	nan	nan	nan	nan	nan
0.976	71	202	2	0.0812877	0.0539963	68	3	0.0153584	0.0503659	nan	-1	-1	-1	nan	nan	nan	nan	nan	nan	nan
0.978	71	201	2	0.0808853	0.0537289	68	3	0.0153846	0.0504528	nan	-1	-1	-1	nan	nan	nan	nan	nan	nan	nan
0.979	71	200	2	0.0804829	0.0534616	68	3	0.0141631	0.0506055	nan	-1	-1	-1	nan	nan	nan	nan	nan	nan	nan
0.98	71	199	2	0.0800805	0.0531943	68	3	0.0141874	0.0506932	nan	-1	-1	-1	nan	nan	nan	nan	nan	nan	nan
0.983	70	197	2	0.0815735	0.0526597	67	3	0.0130208	0.0498906	nan	-1	-1	-1	nan	nan	nan	nan	nan	nan	nan
0.984	70	196	2	0.0811594	0.0523924	67	3	0.0132217	0.0506442	nan	-1	-1	-1	nan	nan	nan	nan	nan	nan	nan
0.985	70	194	2	0.0803313	0.0518578	67	3	0.0135379	0.0504775	nan	-1	-1	-1	nan	nan	nan	nan	nan	nan	nan
0.988	70	193	2	0.0799172	0.0515905	67	3	0.0137049	0.0498385	nan	-1	-1	-1	nan	nan	nan	nan	nan	nan	nan
0.991	70	192	2	0.0795031	0.0513232	67	3	0.013876	0.0504437	nan	-1	-1	-1	nan	nan	nan	nan	nan	nan	nan
0.994	70	191	2	0.079089	0.0510559	67	3	0.0125174	0.0505381	nan	-1	-1	-1	nan	nan	nan	nan	nan	nan	nan
0.996	70	190	2	0.0786749	0.0507886	67	3	0.0125815	0.0507996	nan	-1	-1	-1	nan	nan	nan	nan	nan	nan	nan
1	70	188	2	0.0778468	0.0502539	67	3	0.00990566	0.0457143	nan	-1	-1	-1	nan	nan	nan	nan	nan	nan	nan
1.002	70	186	2	0.0770186	0.0497193	67	3	0.0100623	0.0464217	nan	-1	-1	-1	nan	nan	nan	nan	nan	nan	nan
1.004	70	185	2	0.0766046	0.049452	67	3	0.00875061	0.0456554	nan	-1	-1	-1	nan	nan	nan	nan	nan	nan	nan
1.007	70	184	2	0.0761905	0.0491847	67	3	0.008867	0.0462456	nan	-1	-1	-1	nan	nan	nan	nan	nan	nan	nan
1.01	70	183	2	0.0757764	0.0489174	67	3	0.00889328	0.046384	nan	-1	-1	-1	nan	nan	nan	nan	nan	nan	nan
1.011	70	181	2	0.0749482	0.0483828	67	3	0.00916031	0.0477658	nan	-1	-1	-1	nan	nan	nan	nan	nan	nan	nan
1.012	70	180	2	0.0745342	0.0481155	67	3	0.00923077	0.0480869	nan	-1	-1	-1	nan	nan	nan	nan	nan	nan	nan
1.015	70	179	2	0.0741201	0.0478482	67	3	0.00924499	0.0481616	nan	-1	-1	-1	nan	nan	nan	nan	nan	nan	nan
1.021	70	178	2	0.073706	0.0475809	67	3	0.00934094	0.0471451	nan	-1	-1	-1	nan	nan	nan	nan	nan	nan	nan
1.022	70	177	2	0.0732919	0.0473136	67	3	0.0094687	0.0462274	nan	-1	-1	-1	nan	nan	nan	nan	nan	nan	nan
1.023	70	176	2	0.0728778	0.0470462	67	3	0.00955921	0.0466989	nan	-1	-1	-1	nan	nan	nan	nan	nan	nan	nan
1.026	70	174	2	0.0720497	0.0465116	67	3	0.00971398	0.0474891	nan	-1	-1	-1	nan	nan	nan	nan	nan	nan	nan
1.027	70	173	2	0.0716356	0.0462443	67	3	0.00976668	0.0477497	nan	-1	-1	-1	nan	nan	nan	nan	nan	nan	nan
1.028	69	172	2	0.0733163	0.045977	67	2	0.00977199	0.0477759	nan	-1	-1	-1	nan	nan	nan	nan	nan	nan	nan
1.032	69	170	2	0.0724638	0.0454424	67	2	0.0100334	0.0490141	nan	-1	-1	-1	nan	nan	nan	nan	nan	nan	nan
1.033	69	169	2	0.0720375	0.0451751	67	2	0.0100784	0.0492081	nan	-1	-1	-1	nan	nan	nan	nan	nan	nan	nan
1.037	69	167	2	0.071185	0.0446405	67	2	0.0101408	0.0495162	nan	-1	-1	-1	nan	nan	nan	nan	nan	nan	nan
1.043	68	166	2	0.0728709	0.0443732	66	2	0.0103152	0.0503764	nan	-1	-1	-1	nan	nan	nan	nan	nan	nan	nan
1.045	67	165	2	0.0746269	0.0441059	65	2	0.0104895	0.0512367	nan	-1	-1	-1	nan	nan	nan	nan	nan	nan	nan
1.046	65	163	1	0.0783654	0.0435712	65	0	0.0105696	0.0516627	nan	-1	-1	-1	nan	nan	nan	nan	nan	nan	nan
1.047	65	162	1	0.0778846	0.0433039	65	0	0.00895522	0.0507553	nan	-1	-1	-1	nan	nan	nan	nan	nan	nan	nan
1.048	65	161	1	0.0774038	0.0430366	65	0	0.0090307	0.0512195	nan	-1	-1	-1	nan	nan	nan	nan	nan	nan	nan
1.049	65	160	1	0.0769231	0.0427693	65	0	0.00914634	0.0518839	nan	-1	-1	-1	nan	nan	nan	nan	nan	nan	nan
1.052	65	159	1	0.0764423	0.042502	65	0	0.00926498	0.0525328	nan	-1	-1	-1	nan	nan	nan	nan	nan	nan	nan
1.054	65	157	1	0.0754808	0.0419674	65	0	0.00568541	0.0461243	nan	-1	-1	-1	nan	nan	nan	nan	nan	nan	nan
1.056	65	156	1	0.075	0.0417001	65	0	0.00571792	0.0444874	nan	-1	-1	-1	nan	nan	nan	nan	nan	nan	nan
1.058	65	154	1	0.0740385	0.0411655	65	0	0.00589005	0.0458472	nan	-1	-1	-1	nan	nan	nan	nan	nan	nan	nan
1.059	65	153	1	0.0735577	0.0408982	65	0	0.00594059	0.0442359	nan	-1	-1	-1	nan	nan	nan	nan	nan	nan	nan
1.06	64	152	1	0.0753968	0.0406308	64	0	0.00595632	0.0443548	nan	-1	-1	-1	nan	nan	nan	nan	nan	nan	nan
1.061	63	151	1	0.0773169	0.0403635	63	0	0.00603217	0.0449591	nan	-1	-1	-1	nan	nan	nan	nan	nan	nan	nan
1.063	63	150	1	0.0768049	0.0400962	63	0	0.00606878	0.0450205	nan	-1	-1	-1	nan	nan	nan	nan	nan	nan	nan
1.064	63	149	1	0.0762929	0.0398289	63	0	0.00609756	0.0452365	nan	-1	-1	-1	nan	nan	nan	nan	nan	nan	nan
1.065	63	148	1	0.0757808	0.0395616	63	0	0.00615174	0.0435685	nan	-1	-1	-1	nan	nan	nan	nan	nan	nan	nan
1.068	63	146	1	0.0747568	0.039027	63	0	0.00417537	0.0401975	nan	-1	-1	-1	nan	nan	nan	nan	nan	nan	nan
1.08	63	145	1	0.0742448	0.0387597	63	0	0.00210526	0.0362731	nan	-1	-1	-1	nan	nan	nan	nan	nan	nan	nan
1.089	63	143	1	0.0732207	0.0382251	63	0	0.00212766	0.0345324	nan	-1	-1	-1	nan	nan	nan	nan	nan	nan	nan
1.092	63	142	1	0.0727087	0.0379578	63	0	0.0021322	0.0324675	nan	-1	-1	-1	nan	nan	nan	nan	nan	nan	nan
1.093	63	141	1	0.0721966	0.0376905	63	0	0.00215517	0.0328228	nan	-1	-1	-1	nan	nan	nan	nan	nan	nan	nan
1.096	63	139	1	0.0711726	0.0371558	63	0	0.00220751	0.0336323	nan	-1	-1	-1	nan	nan	nan	nan	nan	nan	nan
1.097	63	138	1	0.0706605	0.0368885	63	0	0.00225394	0.0343511	nan	-1	-1	-1	nan	nan	nan	nan	nan	nan	nan
1.098	63	137	1	0.0701485	0.0366212	63	0	0.00229008	0.0348837	nan	-1	-1	-1	nan	nan	nan	nan	nan	nan	nan
1.106	63	135	1	0.0691244	0.0360866	63	0	0.00233827	0.0332805	nan	-1	-1	-1	nan	nan	nan	nan	nan	nan	nan
1.108	63	133	2	0.0681004	0.035552	61	2	0.00240385	0.0342577	nan	-1	-1	-1	nan	nan	nan	nan	nan	nan	nan
1.111	62	132	2	0.0698043	0.0352847	60	2	0.00245298	0.035	nan	-1	-1	-1	nan	nan	nan	nan	nan	nan	nan
1.112	62	131	2	0.0692755	0.0350174	60	2	0.00247934	0.0354132	nan	-1	-1	-1	nan	nan	nan	nan	nan	nan	nan
1.114	62	130	2	0.0687467	0.0347501	60	2	0.00251678	0.0359281	nan	-1	-1	-1	nan	nan	nan	nan	nan	nan	nan
1.117	61	129	2	0.0704918	0.0344828	59	2	0.00252738	0.033534	nan	-1	-1	-1	nan	nan	nan	nan	nan	nan	nan
1.119	61	128	2	0.0699454	0.0342155	59	2	0.0025641	0.028522	nan	-1	-1	-1	nan	nan	nan	nan	nan	nan	nan
1.12	60	127	2	0.0717514	0.0339481	58	2	0.00257069	0.0285962	nan	-1	-1	-1	nan	nan	nan	nan	nan	nan	nan
1.126	60	126	2	0.0711864	0.0336808	58	2	0.00260643	0.0289982	nan	-1	-1	-1	nan	nan	nan	nan	nan	nan	nan
1.129	59	125	2	0.0730567	0.0334135	57	2	0.00261552	0.0291005	nan	-1	-1	-1	nan	nan	nan	nan	nan	nan	nan
1.134	59	124	2	0.0724722	0.0331462	57	2	0.00267618	0.0297565	nan	-1	-1	-1	nan	nan	nan	nan	nan	nan	nan
1.135	59	123	2	0.0718878	0.0328789	57	2	0.00273723	0.0304428	nan	-1	-1	-1	nan	nan	nan	nan	nan	nan	nan
1.136	59	122	2	0.0713033	0.0326116	57	2	0.00280112	0.0311321	nan	-1	-1	-1	nan	nan	nan	nan	nan	nan	nan
1.139	59	120	2	0.0701344	0.032077	57	2	0.00285987	0.0289296	nan	-1	-1	-1	nan	nan	nan	nan	nan	nan	nan
1.151	59	118	2	0.0689655	0.0315424	57	2	0.00292683	0.0295858	nan	-1	-1	-1	nan	nan	nan	nan	nan	nan	nan
1.152	59	117	2	0.0683811	0.0312751	57	2	0	0.0272452	nan	-1	-1	-1	nan	nan	nan	nan	nan	nan	nan
1.153	59	116	2	0.0677966	0.0310078	57	2	0	0.0245148	nan	-1	-1	-1	nan	nan	nan	nan	nan	nan	nan
1.154	59	115	2	0.0672122	0.0307404	57	2	0	0.025	nan	-1	-1	-1	nan	nan	nan	nan	nan	nan	nan
1.155	57	112	2	0.0701754	0.0299385	55	2	0	0.026936	nan	-1	-1	-1	nan	nan	nan	nan	nan	nan	nan
1.156	57	110	2	0.0689223	0.0294039	55	2	0	0.0271493	nan	-1	-1	-1	nan	nan	nan	nan	nan	nan	nan
1.163	55	109	1	0.0734007	0.0291366	55	0	0	0.0271801	nan	-1	-1	-1	nan	nan	nan	nan	nan	nan	nan
1.164	55	108	1	0.0727273	0.0288693	55	0	0	0.0206659	nan	-1	-1	-1	nan	nan	nan	nan	nan	nan	nan
1.174	55	107	1	0.0720539	0.028602	55	0	0	0.0210526	nan	-1	-1	-1	nan	nan	nan	nan	nan	nan	nan
1.183	55	106	1	0.0713805	0.0283347	55	0	0	0.0214541	nan	-1	-1	-1	nan	nan	nan	nan	nan	nan	nan
1.184	55	105	1	0.0707071	0.0280674	55	0	0	0.0218447	nan	-1	-1	-1	nan	nan	nan	nan	nan	nan	nan
1.192	54	103	1	0.0719776	0.0275327	54	0	0	0.0220049	nan	-1	-1	-1	nan	nan	nan	nan	nan	nan	nan
1.193	54	102	1	0.0712788	0.0272654	54	0	0	0.0223881	nan	-1	-1	-1	nan	nan	nan	nan	nan	nan	nan
1.194	53	101	1	0.0732946	0.0269981	53	0	0	0.0224439	nan	-1	-1	-1	nan	nan	nan	nan	nan	nan	nan
1.196	53	100	1	0.0725689	0.0267308	53	0	0	0.0228717	nan	-1	-1	-1	nan	nan	nan	nan	nan	nan	nan
1.197	53	99	1	0.0718433	0.0264635	53	0	0	0.0235294	nan	-1	-1	-1	nan	nan	nan	nan	nan	nan	nan
1.199	53	98	1	0.0711176	0.0261962	53	0	0	0.0242261	nan	-1	-1	-1	nan	nan	nan	nan	nan	nan	nan
1.202	53	97	1	0.0703919	0.0259289	53	0	0	0.0249307	nan	-1	-1	-1	nan	nan	nan	nan	nan	nan	nan
1.204	53	96	1	0.0696662	0.0256616	53	0	0	0.0253521	nan	-1	-1	-1	nan	nan	nan	nan	nan	nan	nan
1.205	51	94	1	0.0737255	0.025127	51	0	0	0.0254597	nan	-1	-1	-1	nan	nan	nan	nan	nan	nan	nan
1.207	51	93	1	0.0729412	0.0248597	51	0	0	0.0258621	nan	-1	-1	-1	nan	nan	nan	nan	nan	nan	nan
1.21	51	92	1	0.0721569	0.0245924	51	0	0	0.0219619	nan	-1	-1	-1	nan	nan	nan	nan	nan	nan	nan
1.214	51	91	1	0.0713725	0.024325	51	0	0	0.0227273	nan	-1	-1	-1	nan	nan	nan	nan	nan	nan	nan
1.216	51	90	1	0.0705882	0.0240577	51	0	0	0.0234009	nan	-1	-1	-1	nan	nan	nan	nan	nan	nan	nan
1.225	51	89	1	0.0698039	0.0237904	51	0	0	0.023622	nan	-1	-1	-1	nan	nan	nan	nan	nan	nan	nan
1.226	51	88	1	0.0690196	0.0235231	51	0	0	0.0243506	nan	-1	-1	-1	nan	nan	nan	nan	nan	nan	nan
1.23	51	87	1	0.0682353	0.0232558	51	0	0	0.025	nan	-1	-1	-1	nan	nan	nan	nan	nan	nan	nan
1.239	51	86	1	0.067451	0.0229885	51	0	0	0.0258621	nan	-1	-1	-1	nan	nan	nan	nan	nan	nan	nan
1.241	51	85	1	0.0666667	0.0227212	51	0	0	0.026738	nan	-1	-1	-1	nan	nan	nan	nan	nan	nan	nan
1.245	51	84	1	0.0658824	0.0224539	51	0	0	0.0273224	nan	-1	-1	-1	nan	nan	nan	nan	nan	nan	nan
1.246	51	83	1	0.065098	0.0221866	51	0	0	0.0277778	nan	-1	-1	-1	nan	nan	nan	nan	nan	nan	nan
1.247	51	82	1	0.0643137	0.0219193	51	0	0	0.00579151	nan	-1	-1	-1	nan	nan	nan	nan	nan	nan	nan
1.248	51	81	1	0.0635294	0.021652	51	0	0	0.00598802	nan	-1	-1	-1	nan	nan	nan	nan	nan	nan	nan
1.25	51	80	1	0.0627451	0.0213847	51	0	0	0.00609756	nan	-1	-1	-1	nan	nan	nan	nan	nan	nan	nan
1.251	50	78	1	0.0636735	0.02085	50	0	0	0.00623701	nan	-1	-1	-1	nan	nan	nan	nan	nan	nan	nan
1.255	50	77	1	0.0628571	0.0205827	50	0	0	0.00628931	nan	-1	-1	-1	nan	nan	nan	nan	nan	nan	nan
1.258	50	76	1	0.0620408	0.0203154	50	0	0	0.00650759	nan	-1	-1	-1	nan	nan	nan	nan	nan	nan	nan
1.264	49	75	1	0.0637755	0.0200481	49	0	0	0	nan	-1	-1	-1	nan	nan	nan	nan	nan	nan	nan
1.265	49	74	1	0.0629252	0.0197808	49	0	0	0	nan	-1	-1	-1	nan	nan	nan	nan	nan	nan	nan
1.273	48	73	1	0.0647163	0.0195135	48	0	0	0	nan	-1	-1	-1	nan	nan	nan	nan	nan	nan	nan
1.274	47	72	1	0.066605	0.0192462	47	0	0	0	nan	-1	-1	-1	nan	nan	nan	nan	nan	nan	nan
1.277	47	71	1	0.0656799	0.0189789	47	0	0	0	nan	-1	-1	-1	nan	nan	nan	nan	nan	nan	nan
1.281	47	70	1	0.0647549	0.0187116	47	0	0	0	nan	-1	-1	-1	nan	nan	nan	nan	nan	nan	nan
1.284	47	68	1	0.0629047	0.018177	47	0	0	0	nan	-1	-1	-1	nan	nan	nan	nan	nan	nan	nan
1.286	47	66	1	0.0610546	0.0176423	47	0	0	0	nan	-1	-1	-1	nan	nan	nan	nan	nan	nan	nan
1.287	47	65	1	0.0601295	0.017375	47	0	0	0	nan	-1	-1	-1	nan	nan	nan	nan	nan	nan	nan
1.289	47	64	1	0.0592044	0.0171077	47	0	0	0	nan	-1	-1	-1	nan	nan	nan	nan	nan	nan	nan
1.29	46	62	1	0.0599034	0.0165731	46	0	0	0	nan	-1	-1	-1	nan	nan	nan	nan	nan	nan	nan
1.291	45	61	1	0.0616162	0.0163058	45	0	0	0	nan	-1	-1	-1	nan	nan	nan	nan	nan	nan	nan
1.294	44	60	1	0.0634249	0.0160385	44	0	0	0	nan	-1	-1	-1	nan	nan	nan	nan	nan	nan	nan
1.297	43	59	1	0.0653378	0.0157712	43	0	0	0	nan	-1	-1	-1	nan	nan	nan	nan	nan	nan	nan
1.305	43	57	1	0.0631229	0.0152366	43	0	0	0	nan	-1	-1	-1	nan	nan	nan	nan	nan	nan	nan
1.306	42	56	1	0.0650407	0.0149693	42	0	0	0	nan	-1	-1	-1	nan	nan	nan	nan	nan	nan	nan
1.321	41	55	1	0.0670732	0.014702	41	0	0	0	nan	-1	-1	-1	nan	nan	nan	nan	nan	nan	nan
1.323	41	54	1	0.0658537	0.0144346	41	0	0	0	nan	-1	-1	-1	nan	nan	nan	nan	nan	nan	nan
1.331	40	53	1	0.0679487	0.0141673	40	0	0	0	nan	-1	-1	-1	nan	nan	nan	nan	nan	nan	nan
1.338	40	52	1	0.0666667	0.0139	40	0	0	0	nan	-1	-1	-1	nan	nan	nan	nan	nan	nan	nan
1.343	40	50	1	0.0641026	0.0133654	40	0	0	0	nan	-1	-1	-1	nan	nan	nan	nan	nan	nan	nan
1.345	39	49	1	0.0661269	0.0130981	39	0	0	0	nan	-1	-1	-1	nan	nan	nan	nan	nan	nan	nan
1.361	38	47	1	0.0668563	0.0125635	38	0	0	0	nan	-1	-1	-1	nan	nan	nan	nan	nan	nan	nan
1.362	37	46	1	0.0690691	0.0122962	37	0	0	0	nan	-1	-1	-1	nan	nan	nan	nan	nan	nan	nan
1.364	37	45	1	0.0675676	0.0120289	37	0	0	0	nan	-1	-1	-1	nan	nan	nan	nan	nan	nan	nan
1.367	37	44	1	0.0660661	0.0117616	37	0	0	0	nan	-1	-1	-1	nan	nan	nan	nan	nan	nan	nan
1.37	37	43	1	0.0645646	0.0114943	37	0	0	0	nan	-1	-1	-1	nan	nan	nan	nan	nan	nan	nan
1.381	37	42	1	0.0630631	0.0112269	37	0	0	0	nan	-1	-1	-1	nan	nan	nan	nan	nan	nan	nan
1.383	36	41	1	0.0650794	0.0109596	36	0	0	0	nan	-1	-1	-1	nan	nan	nan	nan	nan	nan	nan
1.39	35	40	1	0.0672269	0.0106923	35	0	0	0	nan	-1	-1	-1	nan	nan	nan	nan	nan	nan	nan
1.398	35	39	1	0.0655462	0.010425	35	0	0	0	nan	-1	-1	-1	nan	nan	nan	nan	nan	nan	nan
1.399	35	38	2	0.0638655	0.0101577	31	4	0	0	nan	-1	-1	-1	nan	nan	nan	nan	nan	nan	nan
1.414	34	37	2	0.0659537	0.0098904	30	4	0	0	nan	-1	-1	-1	nan	nan	nan	nan	nan	nan	nan
1.419	34	36	2	0.0641711	0.0096231	30	4	0	0	nan	-1	-1	-1	nan	nan	nan	nan	nan	nan	nan
1.425	33	35	2	0.0662879	0.00935579	29	4	0	0	nan	-1	-1	-1	nan	nan	nan	nan	nan	nan	nan
1.437	33	34	2	0.0643939	0.00908848	29	4	0	0	nan	-1	-1	-1	nan	nan	nan	nan	nan	nan	nan
1.439	33	33	3	0.0625	0.00882117	26	4	0	0	nan	-1	-1	-1	nan	nan	nan	nan	nan	nan	nan
1.44	32	32	3	0.0645161	0.00855386	25	4	0	0	nan	-1	-1	-1	nan	nan	nan	nan	nan	nan	nan
1.444	32	31	3	0.0625	0.00828655	25	4	0	0	nan	-1	-1	-1	nan	nan	nan	nan	nan	nan	nan
1.446	31	30	3	0.0645161	0.00801925	24	4	0	0	nan	-1	-1	-1	nan	nan	nan	nan	nan	nan	nan
1.451	30	29	3	0.0666667	0.00775194	23	4	0	0	nan	-1	-1	-1	nan	nan	nan	nan	nan	nan	nan
1.453	30	28	3	0.0643678	0.00748463	23	4	0	0	nan	-1	-1	-1	nan	nan	nan	nan	nan	nan	nan
1.46	29	27	3	0.0665025	0.00721732	23	4	0	0	nan	-1	-1	-1	nan	nan	nan	nan	nan	nan	nan
1.462	28	26	3	0.0687831	0.00695001	22	4	0	0	nan	-1	-1	-1	nan	nan	nan	nan	nan	nan	nan
1.463	27	25	3	0.0712251	0.00668271	21	4	0	0	nan	-1	-1	-1	nan	nan	nan	nan	nan	nan	nan
1.467	25	23	3	0.0766667	0.00614809	19	4	0	0	nan	-1	-1	-1	nan	nan	nan	nan	nan	nan	nan
1.476	25	22	3	0.0733333	0.00588078	19	4	0	0	nan	-1	-1	-1	nan	nan	nan	nan	nan	nan	nan
1.489	25	21	4	0.07	0.00561347	12	7	0	0	nan	-1	-1	-1	nan	nan	nan	nan	nan	nan	nan
1.49	24	20	4	0.0724638	0.00534616	12	6	0	0	nan	-1	-1	-1	nan	nan	nan	nan	nan	nan	nan
1.502	24	19	5	0.0688406	0.00507886	8	6	0	0	nan	-1	-1	-1	nan	nan	nan	nan	nan	nan	nan
1.508	23	18	5	0.0711462	0.00481155	7	6	0	0	nan	-1	-1	-1	nan	nan	nan	nan	nan	nan	nan
1.511	22	17	5	0.0735931	0.00454424	6	4	0	0	nan	-1	-1	-1	nan	nan	nan	nan	nan	nan	nan
1.516	19	15	4	0.0877193	0.00400962	6	4	0	0	nan	-1	-1	-1	nan	nan	nan	nan	nan	nan	nan
1.527	18	14	4	0.0915033	0.00374231	6	5	0	0	nan	-1	-1	-1	nan	nan	nan	nan	nan	nan	nan
1.531	16	12	4	0.1	0.0032077	5	4	0	0	nan	-1	-1	-1	nan	nan	nan	nan	nan	nan	nan
1.532	16	11	5	0.0916667	0.00294039	5	2	0	0	nan	-1	-1	-1	nan	nan	nan	nan	nan	nan	nan
1.533	14	10	4	0.10989	0.00267308	5	2	0	0	nan	-1	-1	-1	nan	nan	nan	nan	nan	nan	nan
